682 3022
4828 1736
4886 3323
1447 683
809 3549
4944 1293
4923 2085
1630 773
946 4259
1631 260
912 1326
197 682
560 4579
1455 3378
1026 2181
4825 814
415 2406
210 2108
3765 2701
4339 3221
3638 234
2484 2776
2974 1824
4845 2056
1400 1832
4328 2417
1420 2105
2082 2535
2431 809
2414 1144
4383 155
3767 574
1573 1809
3016 3978
1180 1443
935 2900
4870 2092
4887 2492
1235 1684
1657 910
4113 3907
2179 4302
712 4413
2903 1804
2756 2981
1515 3205
3341 4298
4952 732
3110 3057
1723 1393
4567 3599
1591 2836
4721 4091
4202 2216
438 3794
4083 3160
1276 966
2844 3629
125 3798
2259 1615
2235 4292
3176 1860
1838 4975
1776 2282
1081 3598
312 820
2600 1146
3093 3413
1231 4763
770 3562
2280 1644
879 3005
221 916
293 4918
3353 252
4247 3573
3594 2739
2262 3740
1889 3035
3777 4821
4928 2316
4491 3016
1415 3836
1929 4217
1716 2845
2980 3349
4013 4157
3263 1293
1577 725
328 3661
2012 4855
3877 4457
3777 375
1097 1046
1586 4229
2205 2208
2806 4176
1115 1446
3535 1777
3834 3794
1037 1016
1488 4248
3933 78
1654 2217
3849 1383
4744 336
1071 635
2645 3933
3710 2754
1114 4806
4246 759
320 2380
3075 3999
1634 3768
3435 4097
3970 3987
1626 3790
3729 1471
1408 324
3391 1514
884 2633
77 329
2103 1248
2071 3295
4180 2617
1183 3449
31 2740
3481 15
3711 1020
3279 2712
4086 1959
3287 4350
282 439
928 4917
2024 2210
24 1386
950 402
2492 3477
284 3751
3682 3824
3118 3985
3870 4945
2654 2909
3495 4653
377 4666
3781 2564
1826 4555
4872 924
3670 4553
4591 1695
4555 1389
1139 1012
2219 1494
2982 3371
694 3517
4666 3028
3656 2528
4808 447
2062 1900
1327 1320
516 1553
3131 1745
2182 4532
3516 1245
3810 2516
4974 2217
1636 2011
41 4699
3604 4571
772 3260
3773 4832
3531 3431
714 562
193 968
335 3768
1693 19
4356 3767
3888 179
1940 2763
944 4148
4568 4194
2034 3451
1096 4653
4240 4860
1126 1474
789 4321
4971 4765
2737 343
4934 4881
462 1217
3302 3983
2554 3698
3372 681
3106 4932
2861 3770
3823 2118
3967 4224
1491 4512
4858 4283
745 3404
2140 3234
819 4793
74 2051
4376 535
827 2580
203 1989
2119 2121
1176 4358
2502 2191
263 2437
2564 2689
4318 2975
4992 4635
227 2654
4571 4322
4979 4003
235 2109
159 1193
2251 3591
1692 3166
365 3450
485 3260
1644 3492
1269 4593
546 4254
4719 1620
3998 4407
1793 3432
2573 2250
1217 3827
2604 1947
1365 3606
2121 1281
1521 3594
2930 219
2562 2460
2636 3918
1243 3225
457 4540
1996 3195
1946 2647
2130 275
3121 3141
2228 1816
4365 1625
895 2623
1266 1792
4133 4571
1136 1068
67 4885
4392 1037
2065 3501
3377 668
2698 1371
687 2574
1291 2318
1158 2076
2215 4760
3412 497
1615 3062
2072 1404
1351 3952
3398 2798
1386 1534
1473 3912
2897 1533
530 547
1164 1191
3755 4433
3162 262
1536 4804
3872 3128
3002 4047
2084 10
3341 1500
1254 2456
3075 3425
298 1402
1005 2520
3520 2987
141 1158
1503 4392
785 4351
2209 1379
3271 2585
381 4355
994 1080
631 1833
4457 1569
2281 1544
567 3470
3211 857
835 4633
4376 3865
1097 1178
2454 3409
4721 4818
1415 4332
176 4331
2512 2443
1464 445
1316 1501
2667 3239
4891 4246
2762 4536
1185 607
757 683
3973 1087
807 1493
186 2859
1499 3619
1784 3470
3229 2643
2061 872
572 623
259 3799
4748 4124
4866 3704
2472 1996
1364 1798
4255 4081
2420 395
3103 384
4249 4194
4272 1583
590 824
3977 3197
94 1542
3963 3547
1192 1492
1435 3211
134 2330
183 1472
1401 2597
3597 1948
3238 1550
2562 104
2586 4280
426 1212
3709 481
2968 1068
4628 4612
3688 679
484 4529
4820 4825
2850 223
1877 165
4322 3925
3294 4215
3356 4346
4150 1441
4581 374
2752 801
153 1604
1341 3995
1690 2345
1777 3092
437 236
3969 461
2262 3141
1897 1859
2349 2438
3273 4470
4517 4868
1572 2338
627 4780
3276 3629
391 4715
1416 4347
3776 3899
2717 1051
1847 4534
4009 4036
2441 972
4052 1112
1580 1208
443 3315
4897 1131
3365 4726
2127 2804
580 2146
3762 4417
4378 743
516 4521
2066 1585
644 4985
4271 3552
3365 4940
1456 295
2122 3843
2630 4569
298 4962
2838 3397
1572 148
1137 3867
2413 2263
1377 3859
4873 3799
1247 4418
4185 196
3714 3766
2073 1409
2803 561
4707 4075
4205 734
2085 4893
3948 4102
1802 2973
2400 3673
647 3293
3720 4533
2846 4208
4175 2037
3600 3011
3961 2241
3798 2980
4792 756
823 3303
1306 2501
1773 820
3386 4958
4162 1630
3003 666
1034 4388
455 4776
2579 2287
4552 4113
4221 4295
816 1185
4619 4589
4290 1314
702 192
1947 1723
3838 4743
3645 2420
475 2272
222 4515
3494 3588
2109 1485
2432 2207
3228 1792
286 3135
3132 3538
2396 3004
1342 3951
4786 164
3688 829
3527 4871
3030 1538
2933 1295
2034 3861
2983 3209
996 4854
346 989
3692 4555
245 1880
979 551
3196 4214
4082 1424
2628 2842
2683 1990
2836 3879
3928 3907
4439 550
2956 1180
4195 4373
126 4357
167 3141
4765 185
1440 3464
3078 1565
4983 1917
1929 1056
1261 4917
62 6
3298 2961
805 3856
779 2085
4941 446
1700 2807
2020 912
269 3053
767 610
3869 3180
3812 4081
4186 3487
894 3638
1005 3495
2163 3708
3340 410
1648 1946
2296 1831
4801 94
1687 3962
2545 4541
4069 233
4032 4313
53 3027
776 1056
2559 135
4635 2313
757 1130
807 4464
3170 1895
3778 4533
3447 469
1461 2835
1645 4106
2414 2049
2266 1853
3143 268
3387 2871
808 2541
4336 406
4555 4244
3319 4645
3720 4017
1937 2620
2590 2963
1988 4312
4526 3034
1090 1803
401 3304
2948 4493
751 183
4866 1755
3083 3510
1314 4925
619 1499
2055 4329
2786 3934
794 970
1423 3492
4778 733
4531 3422
4983 4132
3249 1454
1618 3867
2772 4334
2548 1315
3600 2799
4969 1788
3905 2299
3497 3518
997 214
1445 662
688 1820
1056 4456
630 726
411 3337
4455 4405
4620 1101
968 3496
3733 1080
124 4327
1476 2067
1373 4749
350 4686
3259 2793
4812 480
4634 2239
4770 1284
3351 4494
3049 4864
2426 2385
2327 4805
3296 2180
4323 3159
1709 1158
4485 75
3249 4692
185 4324
3768 4550
4229 3621
4226 3907
4431 3509
3074 3177
2841 177
3779 4725
1551 2477
2517 3933
1433 296
3545 2684
3016 2495
2475 302
1729 1829
1235 490
3920 2533
736 4133
994 2401
2933 1870
4693 3098
4578 1490
551 2977
2455 4508
613 1166
3053 1732
1033 2716
1883 4528
2707 3746
2080 1498
4372 614
854 1556
3335 2465
3553 4648
322 619
3490 12
2316 4067
738 4776
3652 1164
3992 4486
1428 3949
120 966
1359 4601
2145 4598
4298 2527
2877 2194
1438 1962
2304 2519
4449 1802
363 2256
3755 1809
2423 4862
223 3542
3171 1221
2443 1332
2473 4604
2693 4675
1409 1238
4644 4913
2864 3294
1317 1570
1201 1921
4242 4558
3331 3611
560 1669
1445 2074
4424 1692
670 2216
4483 3585
146 1014
466 1234
3844 3198
599 558
3859 2940
2120 2113
393 4430
1354 1003
19 4376
3015 2033
972 2741
789 3666
3076 2020
576 1917
3016 3269
574 2475
1744 1066
2939 623
3737 1992
1020 1215
1219 3659
1752 2533
211 1340
1876 2201
3458 3541
2810 4728
501 4609
1117 1442
3753 3932
1237 2770
3492 640
327 3923
3212 791
123 3401
163 877
2974 4293
1594 4079
860 2756
2099 447
2398 2442
3658 4175
2404 1584
2140 3150
2664 1619
4777 3375
665 2609
834 4300
2653 4876
4529 3736
1007 1277
7 2522
819 1552
4577 220
201 3337
1630 1591
3646 158
4045 3972
1302 497
2459 3300
2179 133
4716 4326
2202 953
2263 1276
4727 1357
9 3309
4261 97
3846 1234
1298 4479
1401 3198
4853 2057
622 47
2670 4735
1583 2354
2179 2436
4843 4131
345 2522
2989 2114
197 1387
1013 3618
4248 2495
2965 3931
421 210
829 255
1354 61
1555 4382
3561 4363
1603 1388
4148 1113
2408 2314
2863 789
4053 4331
2237 3545
3953 3950
1964 327
1709 2898
1341 4953
4984 2397
1841 3332
3725 4448
2991 3417
419 1220
796 3079
1378 1952
3887 330
3653 3325
1689 4656
4477 2856
3385 4966
1075 1643
1642 1671
1608 4759
2359 3135
16 4480
1 1547
3951 4704
3632 4016
3066 4793
2628 1210
2287 563
721 3175
2861 2125
644 4294
288 633
2845 225
4428 3742
4048 1716
2853 3690
3779 3315
4965 1919
2366 4218
4808 3728
1491 123
3359 3683
1312 2666
1832 740
2469 3267
4624 3108
4321 3733
4569 4256
4586 1314
3301 908
4356 2632
914 232
3290 2051
2739 1336
756 4542
4359 236
21 3558
2290 3384
698 1929
3319 2992
1633 576
2798 1666
2975 359
3815 2514
4979 3289
3030 3134
149 1968
3687 4014
2859 4077
2969 1183
2566 978
1868 1470
1678 185
4450 3184
529 4584
4342 2482
4506 1374
1082 2279
4259 806
4046 3710
4607 4270
1631 1370
4790 1258
4893 4142
4909 2245
3092 2013
4816 4260
2895 1517
1869 2557
2242 2487
1783 1043
3923 2510
1261 2902
851 4371
2985 2613
1060 4941
4267 4415
1884 4623
1468 1707
2894 1733
4801 1252
3903 1897
1852 4062
1373 437
2142 3216
2250 866
3165 978
2930 4407
1788 2206
3051 129
4195 2174
3337 4530
4605 3701
1404 2561
2042 711
2678 677
3541 3675
2884 3257
1377 4979
3110 2531
3134 4767
1146 4967
4515 1467
4501 3898
3191 1203
3850 4264
1549 1725
584 4132
2601 3550
3575 848
3441 3944
1247 3988
2877 2911
2886 3941
4321 301
4791 2486
1330 4258
3697 3265
4416 1231
1442 1979
4947 1699
2795 3661
1261 1787
1395 2244
641 3312
3426 1651
1003 1494
4007 3794
1910 298
1664 1773
4913 2910
2325 884
1229 3101
114 2046
3751 1210
1488 4697
3705 4424
2669 3971
1570 3535
1732 1162
4109 2021
1367 484
3533 1837
2216 3683
4942 1742
2160 3892
2685 3417
4559 4782
4413 212
4265 1298
3469 2262
1353 451
2039 3537
3954 482
4192 1473
2554 1085
1411 4976
908 1663
1959 2565
1943 2256
3273 1535
2218 76
3843 3104
2872 4371
4795 2521
765 319
1317 2684
3324 3811
1607 4604
3266 3883
1441 3595
715 3733
1417 355
59 127
4076 4890
2883 1831
241 4261
4640 3800
101 4671
141 3063
1224 370
4516 1828
1656 1276
4026 2028
32 281
554 1806
431 2765
526 1897
1302 3023
3889 4797
1409 4348
232 15
2507 766
3998 929
426 1714
1835 4539
2604 2571
2158 1170
550 3154
4365 4077
2255 3168
345 1076
167 3910
3272 1430
1457 4714
442 1738
4432 1845
1470 2190
1870 1972
2196 3117
2761 855
1885 3365
4400 977
4066 1775
861 1758
2953 1337
2421 1394
1817 2
4329 3301
964 4909
1098 3472
4785 4921
3309 2993
1606 4268
2057 2510
4667 2469
215 1207
460 2625
4586 3424
1569 2924
2058 633
564 2112
3557 3301
4986 3924
4867 1433
4850 397
2180 3937
3678 4326
3746 1169
1392 3620
1006 1159
4755 4301
4720 4949
4453 2691
3052 4102
4996 539
4955 377
4769 3909
2427 2989
2034 4025
4464 916
255 2265
2844 706
559 2809
967 458
3551 819
1024 3665
172 735
4160 4202
1101 2107
1055 4573
2492 1921
1363 4941
2692 2909
1626 1910
2030 5000
1449 2604
4683 2283
4839 2758
1431 2625
977 766
2545 2379
1990 1992
1921 2320
389 4228
577 429
1620 3364
2598 4157
272 2120
251 4524
1848 1398
22 87
1451 605
860 2464
3275 1715
48 2849
2118 4993
4520 4919
2570 4371
1610 2899
2482 3569
1909 2985
1851 2537
3151 3402
3016 2641
1984 4002
776 3517
340 4004
205 707
3604 3516
3251 1616
3301 2381
2423 1227
4269 3524
3114 1200
3537 1129
1972 4992
2922 2088
4366 4820
1765 2318
3277 3055
3693 344
3173 1396
1957 2766
129 3197
3380 1009
1168 4296
4253 4746
4372 1424
2540 4965
4124 2063
1035 1775
4534 3829
3622 3328
230 4944
137 4474
4547 1712
3531 4588
2648 137
3022 4653
130 4451
919 1109
3857 2029
1932 59
4489 4894
1716 4828
1152 1679
3778 3063
2878 4999
1545 2770
1306 1321
3293 3545
3857 4210
1492 2665
2764 799
4461 3833
2197 4032
3072 473
1527 3645
4481 139
574 701
668 2570
4443 4860
3998 1988
2808 4895
767 4320
195 2944
2186 765
4766 966
3284 439
4974 336
4817 3712
375 3437
1316 2574
1793 3577
433 2915
2663 4371
2059 2162
618 955
1691 2031
2964 3850
1137 1355
2034 3567
2750 4133
4969 4635
4305 3800
189 990
1887 2076
2814 1309
536 3183
4443 4577
3601 3755
3361 3430
1775 3825
3182 824
528 4900
2970 4666
1176 4812
3977 2542
1331 4826
2268 1938
4348 197
4451 4196
3660 3943
3211 2966
1332 3164
4294 356
4921 3477
2468 3356
3069 2799
4908 91
3406 4491
317 709
402 3885
1624 4862
1169 2040
930 4885
2891 2490
3184 4130
4605 3187
4207 2932
657 3919
3681 3936
4477 4318
514 2386
4668 4363
649 394
3604 466
88 250
1999 1876
265 1361
3621 4274
4960 1392
690 4772
3991 3101
1056 2374
3624 4062
3799 516
4428 2316
2565 3110
3798 1139
1125 1805
2951 1740
2447 2033
2738 4960
1301 255
4133 1485
4533 2354
1137 2729
782 4561
910 3802
2589 1685
2261 1885
732 2385
3786 1652
407 4586
256 2578
4017 55
2749 1545
2092 4359
3322 3445
3844 2
503 1082
1040 1098
1546 427
4754 4919
1740 1889
3272 1049
3146 3957
4213 4149
846 704
4068 3539
1056 3000
1441 410
3322 2932
1267 2713
976 4215
425 2779
4508 3708
1282 4659
1050 3323
1117 868
3122 1490
1131 989
2023 2913
2409 4286
3916 4762
2755 4664
931 2720
1448 4222
2607 3063
514 2967
3528 1374
1338 438
4799 2383
534 2707
3590 3453
3046 1636
4228 2324
2618 4421
1065 1610
4566 4330
3753 4812
3971 1853
1346 1196
4106 1023
2222 2404
87 857
4556 4609
4831 2618
2503 3419
2920 320
2640 42
3051 4375
37 420
1533 1907
4558 4394
2603 4029
1783 1998
4692 2400
1631 1317
2756 3475
3847 3428
3575 2519
2168 1387
4969 1989
236 3538
3854 4195
2828 497
2131 3659
1396 3176
2716 2508
2448 3659
1729 2533
4204 3287
4411 2655
4585 4182
4694 231
833 4501
3431 265
459 4134
160 4742
2080 3404
935 4889
960 4424
1230 3799
3293 4305
1845 423
995 3549
656 4874
4597 3167
1813 1416
4287 514
1609 223
1081 4652
1882 1526
4451 1094
3081 1450
624 3177
1491 3296
2917 2621
4767 1950
4194 1228
2448 3215
2971 4259
3928 3322
69 614
4274 186
674 451
2028 1759
4950 1288
2398 3603
3057 1387
1533 4021
3345 1098
3689 2276
1275 3280
2899 847
2120 3157
3471 4920
4860 4307
3149 127
4113 750
1319 4602
1075 4492
727 3730
69 370
1917 2168
147 1602
1638 573
1103 2214
400 681
2219 1247
2194 1033
4045 4958
2624 4266
4583 4397
3308 2448
4432 3101
1730 163
1692 4925
2664 2709
3940 891
2216 912
1655 2727
2244 1465
733 4779
4095 234
1584 2260
4089 3489
1538 3809
3161 3553
52 2255
1634 2811
4618 445
3714 147
4311 2569
1646 1411
3961 3160
4837 155
2947 730
3538 1622
3214 2350
2410 2642
4293 1374
658 1162
3646 1858
2557 2365
4258 2927
2598 3782
3645 4572
1198 486
4783 4208
4621 3173
597 1381
4207 8
56 486
739 2973
1691 3244
1823 3106
4850 2337
1476 4787
1473 2057
3431 4615
2773 2080
824 4670
2157 329
3016 3624
573 4844
4587 3422
3637 2699
890 4428
4539 3840
380 4300
3792 2338
4109 3907
3732 3143
1021 4483
1289 2007
2929 753
2823 2255
830 4986
2633 2087
2548 3903
676 668
4724 1591
419 1679
1996 3869
1687 2179
2364 2919
654 2691
103 949
1853 143
2528 2675
962 2337
4251 4894
2893 674
1501 388
3510 3357
3391 4337
1291 3234
1128 1547
2531 3649
4420 1847
2781 3350
4322 329
68 1227
4840 197
2942 1228
2320 2356
3875 4512
3233 3559
4636 1273
2406 2454
4089 1644
4657 4320
1800 126
55 719
3405 3879
531 2329
819 216
1716 1610
4820 2331
789 3026
4269 4616
718 4713
879 4092
3644 2152
3440 2980
2700 2962
2632 3162
1196 1477
2153 4239
143 767
3940 1618
2977 4202
1922 1174
3660 937
2173 1485
516 2108
2427 3942
4566 785
3046 2399
4574 3231
3670 3028
4599 3255
1027 2113
1248 1795
2636 1489
960 88
2773 2706
2034 1271
605 3816
1692 3660
3985 1977
2075 1752
1315 1875
4047 4871
1365 2700
966 4268
3066 2863
1913 500
4873 3650
489 3693
3282 1598
527 4000
3287 4877
4444 2995
1921 1631
32 4590
4187 3472
4608 761
4846 3421
2807 240
1513 176
4760 1688
2142 2745
1410 959
3788 4062
4264 671
4387 2993
4993 648
3503 1752
4335 3317
2704 3758
3623 3403
4676 64
829 570
4083 787
4807 3975
1853 2931
3559 1769
1035 4633
4976 1146
103 3251
474 686
647 1589
4800 4132
2739 1529
2553 899
870 2077
883 1187
1930 3123
124 1047
2419 3360
3433 3066
3904 3625
122 351
2569 144
3932 203
3627 3445
3536 161
2427 807
4777 131
1125 4424
311 3202
1308 3723
2207 588
3914 4245
4768 244
1227 1535
1468 3672
2060 4500
3940 4382
4538 1899
4073 1398
3542 2290
1655 4080
429 3047
1917 523
4081 969
1601 2468
209 1745
3307 2610
2585 4666
1894 2452
593 1073
1572 256
2741 4758
4853 1877
4897 3804
4602 2008
801 4058
1666 33
2818 2103
3272 333
1729 1357
1917 1941
2090 663
3077 1381
4773 2489
34 2127
97 887
1812 2470
780 508
2220 3113
2867 1096
4895 122
1414 639
4308 40
1774 2288
2245 4137
4702 952
2252 945
224 960
1001 3169
1104 2204
4926 2640
4500 4020
2892 4285
4797 3753
4227 850
1665 2269
4440 1328
394 3290
664 10
4619 922
3635 1012
3768 4500
3941 4618
141 1389
1952 2152
1531 1080
2180 4523
4492 3731
2982 3934
3191 3036
620 340
3369 4586
4521 2739
3909 3691
357 2221
4998 1966
3363 2297
2494 3946
1971 3876
1468 917
1787 1096
3916 1384
3912 336
3811 1410
440 1034
1962 1782
2854 262
2705 585
2467 4809
1134 4462
1543 3547
4017 3350
2902 2635
4491 4554
1376 323
1958 3010
4367 3664
1317 1381
1138 2408
4366 3906
170 3568
4855 4770
4410 3428
4826 4928
906 2458
3839 460
2309 1391
4078 4371
3194 1761
3748 1794
3490 4985
4747 3419
2496 2978
3006 3360
2805 3298
1405 3371
2047 711
1042 2690
4716 3152
3358 1896
3832 1032
2816 1289
2774 3510
2009 48
4595 2485
1085 2676
2482 1597
2163 2920
939 575
3425 4398
2145 785
4542 615
2984 1186
4357 959
326 4176
4495 3817
3587 4853
3720 2047
2274 2211
3102 1617
548 1653
1645 2965
358 1987
3273 628
2180 705
2244 999
2885 2236
1578 2435
83 3182
4278 2586
4322 870
4680 4787
4269 2766
4745 1998
2715 4775
3958 3945
1255 2475
3242 269
807 4889
4319 2814
3475 1671
3806 1491
2186 2411
2943 1897
3431 3063
2811 1110
445 4114
3865 192
75 2382
3223 3797
1020 3915
937 2336
4919 2890
2013 3175
1501 3148
792 157
18 4963
1259 4460
2565 1481
3034 748
4241 410
1493 4984
1240 3006
2793 1066
3943 2485
3501 477
3772 4898
1109 2930
4491 4595
30 1547
2309 4149
2953 4322
3542 245
778 710
319 2902
4301 3717
145 3925
3765 334
814 826
3295 992
3333 3008
4997 2689
1065 2027
1264 3317
1058 1380
330 4853
106 1837
4977 1627
15 134
2768 666
2205 4089
1248 637
2209 4456
4857 3435
216 2612
2886 2315
4374 4413
541 3600
3612 3813
4783 1266
2766 243
3462 2176
454 1633
621 1138
983 4143
3241 1898
2393 4063
4307 289
1859 660
4661 3810
1887 755
2842 4156
2049 927
2807 919
2357 3797
3935 1228
96 2779
2692 3924
4050 2079
212 1032
1051 844
1243 1047
4460 993
897 511
4112 1055
4195 2264
1428 3324
4765 3030
3893 3074
4892 590
960 2128
3030 1633
4461 790
3281 353
1423 1005
878 2759
71 4314
7 2172
4212 4666
4259 2233
3859 441
3269 398
764 2919
3721 2782
4469 1802
1070 4257
4592 4062
3359 613
2759 4607
675 1191
2065 633
1611 4149
3881 29
3189 1330
3147 2847
2820 4746
3988 3822
1022 3042
3004 3177
4891 3839
3166 894
4790 2634
538 2655
1803 2497
569 4070
101 921
2527 884
3199 1349
1092 2456
4380 3304
1095 3688
497 4114
703 3653
1708 4904
1617 710
3666 4618
2058 425
3871 4242
1313 4938
3818 1050
1154 3653
4721 2542
387 2436
2815 186
2784 385
4753 1128
3109 2258
4698 4812
3210 3893
3023 4678
4878 3609
896 1424
3292 2828
3434 3505
398 3910
1150 1318
2317 4465
629 1220
1332 4823
3200 589
475 1952
4912 4698
2777 3033
3132 239
4741 3661
3017 3102
3830 2749
4912 2458
2680 4858
4105 4364
1539 3897
4045 3623
27 4999
1357 3521
2333 2476
4159 1017
4982 2724
766 1406
1012 1778
4899 258
805 1811
3121 2253
3358 3069
2207 4186
2590 177
3018 2695
2544 1526
3991 4755
4341 1910
1248 2461
202 3808
2078 698
649 943
1254 3141
3372 681
2099 4592
692 1870
2404 1172
3044 4792
2977 3958
3879 4097
3092 2706
4691 4786
4605 1035
1963 3161
3944 3927
2638 3625
1479 4091
3286 3005
1968 48
4821 4390
4826 797
4191 352
1387 3112
878 4674
4282 3140
3136 516
158 831
1031 521
2408 4264
127 469
3809 4613
3583 2823
4438 4046
2149 4003
2273 1127
4869 2630
268 433
3930 2480
3178 3895
2560 1897
3947 4796
2656 977
1401 4786
2672 4102
3048 3365
1804 1289
3629 3850
4683 4365
3234 227
1849 803
1338 966
3562 342
2803 3834
3367 2545
1136 1278
1261 1225
3217 3826
293 3985
2503 1480
2469 4511
4697 2333
2754 3790
2956 1793
2394 3088
1438 2088
1839 4065
601 3997
48 4058
4357 2166
3135 696
1820 3049
2311 4917
2677 58
733 2191
1531 4544
3534 3188
3040 2656
422 684
4259 3136
3672 4499
2748 355
3660 4777
4463 2096
2536 343
4062 1809
1176 2375
2152 4666
1593 4330
4817 3298
237 195
2253 2005
783 1904
678 3182
2019 1455
1758 4569
647 2167
7 1768
4312 4881
4383 3709
2322 3327
3488 3667
69 4156
1420 3171
3806 1442
2390 69
3125 2703
3965 725
3470 1165
1127 1863
1615 1974
203 3670
1609 2336
1255 1679
3744 2344
2890 29
2005 2743
3578 4757
3677 4936
935 2924
3162 725
3514 2041
1868 4240
4364 270
3778 2279
62 2397
4112 2937
1495 1734
1830 2664
4506 2117
4348 989
1079 424
1201 745
483 1872
8 4971
2727 1846
2115 2089
634 3372
4294 4516
84 4435
3695 4861
4998 4667
4385 847
4356 7
483 3842
1999 4329
4877 2895
4072 4569
3246 1731
4110 1422
1095 4855
2765 2151
454 2530
692 4073
137 4753
2246 1430
3320 1706
1603 3250
4232 1593
1487 774
4349 1721
3138 2923
4358 926
1461 2200
1288 1959
798 716
2451 3593
1091 1669
2961 4718
742 1073
590 3299
224 4878
876 1809
955 4832
2869 1179
3607 3810
1912 3893
1175 1053
3951 2109
661 2495
636 2326
1952 2479
1717 426
3813 3988
1875 1706
2179 757
3151 306
1280 76
3891 4260
449 1288
3545 2007
2131 3641
969 137
2909 441
1290 260
1314 2054
1184 2553
4326 1434
997 1179
858 2645
4123 4716
666 681
1243 4536
389 4821
2706 955
3496 4527
634 2812
567 1542
4283 92
4967 4519
2709 2683
542 75
3610 1464
587 4041
2899 416
3055 2851
441 1624
4076 1476
2849 2742
1399 36
2018 650
2132 4612
3447 1434
1471 4718
1190 2076
2881 3754
3791 3516
3044 80
3376 3885
2858 3239
4206 1268
4469 1744
3946 1260
1390 4085
2782 2703
4208 894
4776 779
2360 2551
1699 660
1808 2014
1429 2641
1090 1316
3983 2446
4839 1721
2068 455
3450 1279
1149 4794
2621 3187
3429 1955
171 353
3355 4022
3974 2056
1334 1611
2158 1709
3629 2029
3108 3002
3984 13
859 4733
4316 1236
621 4777
403 1565
4546 2827
11 3532
2042 1144
261 4641
886 4943
3596 2590
4861 1832
646 3380
1255 284
3882 124
1717 3491
4033 3532
3758 4377
2444 360
2294 2500
3275 4858
508 713
4595 2718
661 2723
2180 1718
1869 1798
1998 3219
4032 744
1306 2178
4575 3591
3411 4756
4987 3315
3520 4643
4057 782
908 2672
1051 3153
1444 529
888 3686
67 3166
1359 1606
1751 2702
3947 1481
3470 3420
2612 1640
229 655
39 54
2877 1733
2934 3847
4129 3101
2277 323
2993 3274
67 966
3124 3757
3854 2640
1867 3216
3331 3954
5000 2243
1369 3294
4564 2633
1961 4584
1192 537
4036 3947
3913 2831
4253 3753
3148 4523
3224 4113
3320 1678
761 199
4601 2225
448 100
2256 757
92 701
3659 2853
471 1794
2607 949
4084 3209
1733 2758
4477 3151
1102 1414
1510 1797
3841 4105
1831 2148
2992 4730
4585 4267
2352 3500
929 4649
3841 658
470 2659
4308 1381
3057 1737
1696 422
1194 1289
4621 3793
1642 1001
2293 3384
621 2371
4244 2769
3187 1593
2933 891
539 2944
1786 3278
914 3229
558 1755
4022 2068
562 4156
1502 2122
4722 2320
2817 1391
3584 3239
1102 793
4549 4382
1551 2684
4570 2016
4923 3824
4115 3349
4631 551
1653 1530
1041 2150
3789 2585
1274 2309
4332 1570
4139 4811
2748 4046
79 4059
1398 534
734 2332
2030 4548
2771 3857
3125 2178
2115 988
4490 101
4316 1119
2366 4999
2466 4193
3162 4824
2495 2113
774 1324
369 541
4783 2141
4170 4819
1404 464
127 3962
1694 4689
284 2809
1249 1681
3935 602
436 4301
256 2394
2938 2368
2142 616
3336 2522
1851 4990
2770 2331
459 237
152 3436
2474 4440
572 3418
1681 3115
1940 1917
3528 4085
1542 4033
2493 2609
2073 3593
1998 3199
4865 1650
1877 4451
2377 3133
3805 2765
447 2736
434 3939
3244 4398
4166 6
4431 1831
2465 4150
3581 1891
146 706
685 4718
1062 3640
244 4060
3987 4664
3409 185
3298 4941
1211 3956
292 4035
266 3087
114 2560
126 3977
61 4564
2624 284
1671 1584
4114 2698
3471 1412
1709 2240
984 4137
1684 1629
2020 2542
3524 2640
1188 1773
3595 4768
1724 1798
4796 2080
1637 3216
2636 976
1326 2364
2701 1303
2832 319
932 3872
2040 712
1078 2894
3152 2819
659 558
151 680
1646 4850
2272 2771
2666 1459
2915 475
450 845
3331 4309
326 2285
3171 3750
566 4200
1710 778
4379 2129
4058 1636
4161 1601
508 366
3599 1365
1366 359
3952 3763
1604 4841
3688 4989
3387 1872
3297 1165
383 2610
4891 1947
2564 4134
471 1787
1342 3327
2330 4794
3006 3640
707 1079
2426 3794
4692 4201
4792 4142
173 4404
773 1883
3090 3572
2684 3972
1654 4854
1527 2136
1668 3053
696 1749
3531 2967
2280 688
1236 3886
395 1101
3815 1181
744 683
3490 2773
4035 4022
614 889
4272 2940
399 2620
869 2364
4705 2899
1040 1163
1749 542
1404 4643
1492 2043
697 1702
851 3150
576 314
447 984
4028 4892
3029 3235
3304 3113
1513 4492
4458 1924
2298 3285
2916 2725
773 742
4410 600
2942 337
3843 1803
4613 2134
2248 622
328 397
4345 1291
1215 983
2833 1345
1801 4119
3411 2652
2879 229
1401 2143
4790 1751
1313 1545
810 1171
3720 4853
1697 1222
3828 1426
2199 3586
4691 4439
4428 2074
1201 2097
4434 2894
1803 4895
2241 3094
2516 4179
1805 566
3265 1046
3851 1880
1291 540
3994 2975
1407 2335
1007 2908
2079 1703
3900 2558
2210 210
3884 4461
4200 3606
974 3310
2464 4871
3067 3314
2196 1244
4327 3625
4435 4322
4237 3748
3534 1683
348 2989
644 2429
1834 4653
325 1321
2675 3976
1582 2871
399 1144
575 921
755 1348
4925 1606
1687 1567
4382 3618
788 2778
2887 4418
3619 1396
3173 1908
218 1254
1677 3635
3910 3600
1106 2715
447 1386
1216 2533
2920 642
3707 1887
1804 991
2062 4226
1189 1882
994 2975
3103 2164
256 1469
1600 4885
1458 3361
2645 4019
4245 1302
1171 2143
1980 1596
4633 4889
1584 4187
567 2622
4765 4121
1175 3796
1120 1535
2555 2226
4390 4516
3000 88
1025 530
3997 1206
2769 2512
4106 13
4599 4972
2915 4024
1781 2295
3528 4776
4384 2791
325 4707
2137 4823
3626 3209
2473 3522
2647 2871
437 3666
1339 4176
1544 1864
2640 3909
4227 420
2895 1436
1899 4087
83 1975
13 3013
3779 1715
2982 1228
4657 2822
602 340
2532 276
1823 2010
4005 3191
2413 2118
4827 4504
3913 4743
2048 2381
2483 1299
3602 3249
2261 3806
447 4175
1078 1697
4477 4688
2356 4796
888 2276
3600 4823
3043 4286
2176 806
4956 4840
1214 4520
3198 98
4895 166
2050 3859
4026 1233
3654 1411
858 3149
3474 1059
4765 2559
550 2437
3948 2881
3002 123
4359 2316
165 4864
3411 2954
2487 4813
692 3310
3075 2001
2747 1876
1678 1502
4594 2825
4433 247
132 4922
4263 2880
4847 1459
3965 4557
1827 1595
1517 2387
4974 289
3128 2437
3479 998
1404 2576
3319 4
2110 1665
2827 788
771 3747
3902 4399
750 1123
860 1956
2722 592
4262 3617
3278 762
3620 4060
3254 2646
1399 3836
3655 2202
3935 1
2305 4650
4445 4135
4518 4202
3094 3882
2152 4867
4861 488
963 4567
2058 2870
478 2089
3415 3808
456 767
2176 725
2422 2528
3410 2838
171 3606
2387 1951
2761 4307
4769 4043
1149 3670
578 3796
2484 731
4980 2530
1468 1686
2059 2447
3849 1485
155 709
3688 2600
1246 1263
3166 365
2503 1803
2322 3310
1212 4120
2424 3377
4225 4329
3037 3062
4845 1334
4511 459
3580 3027
1986 3921
1097 4322
26 4964
1143 3545
4027 2500
155 3693
3434 1124
2769 3121
3082 1168
4369 2734
868 115
1332 2967
342 653
2834 1477
2936 2049
279 872
2342 2945
1549 3028
2795 1605
4541 2431
3533 656
1943 2832
2126 705
4006 693
2655 3256
713 3887
679 4502
2124 1397
4929 1584
1620 76
4024 730
3856 3522
2321 663
3628 3424
3059 3354
2761 4678
3133 1862
4250 3169
2324 2002
1542 2421
353 1415
681 3386
3098 1786
490 1921
1608 4121
1990 1814
2734 1338
4954 4707
2960 1796
2077 4035
3538 1504
4850 1928
4903 1551
3098 995
3706 4534
769 4665
396 1897
3889 3599
346 4640
1416 1036
3297 1827
164 436
3154 2911
3394 4498
3751 4323
2149 1958
4746 624
2060 2337
3943 2142
2153 3451
4894 3519
1695 468
4416 2150
523 2077
772 2290
4038 4601
264 1382
375 1833
1789 3326
974 4872
4815 476
4304 2259
3403 3761
3139 127
489 4174
3921 1770
3190 1263
1742 3475
2439 851
2980 4315
552 1581
4017 3248
1141 823
116 1368
143 559
874 2234
1773 3467
1083 3150
2036 154
1513 4455
854 3380
2133 4486
3581 2851
1687 203
4049 1006
3023 4777
2368 1958
351 2062
914 3108
3363 3563
1204 1620
28 4749
921 2635
383 490
2262 921
937 2
2166 3000
2971 3983
290 4207
3970 4561
3943 2154
136 2740
1422 3529
1854 4846
1087 2091
4043 3718
1181 2067
2689 2819
95 3930
573 2167
2418 304
236 2184
2188 4328
4657 3623
1 4549
3731 1162
4579 2417
3763 2411
3544 484
2946 2090
1736 3127
1188 3229
2076 920
4051 136
2681 3395
4031 2801
540 4930
537 3232
4325 4564
1127 4027
1197 2147
2191 3754
3792 3846
1284 3022
2417 453
4291 2688
3188 506
3823 4766
3384 2200
2245 3875
437 4408
798 2765
1334 1792
4671 2172
3335 2922
4680 1818
3757 1791
2886 1705
3067 4747
4120 3392
3052 3896
2214 2040
1752 3355
2881 1985
1421 2174
4395 1790
25 142
2671 2085
2098 2887
2197 4771
2366 3341
4327 3253
2222 2842
536 1915
116 1859
4342 4806
1680 2675
4036 4078
4571 3396
3103 1210
3064 3997
826 727
4319 1367
1744 1151
935 2351
1768 2583
739 1240
2578 251
420 4497
1665 4991
1437 4631
2437 1581
1229 3152
985 3671
2988 4498
2989 4693
1466 1325
1168 3395
2016 3907
2169 3494
2402 1099
369 2348
1318 4858
3499 4181
250 2019
444 2600
4326 3699
2750 4900
3205 905
2702 2544
1642 3653
240 4402
2940 3288
780 3755
2549 876
966 3473
2932 3264
2433 371
839 2007
2487 2979
1860 2381
4928 3978
215 4067
110 1359
250 1308
3375 2436
1832 2025
2846 3363
4416 801
2514 852
992 4182
1053 2115
2964 3042
3333 3636
1942 2668
4478 3953
2318 4622
3608 1687
4023 1803
2420 2544
2174 4814
2911 1565
2659 1541
641 2250
4082 206
857 2414
2619 4743
1484 2256
268 2799
2053 211
2512 4027
4980 2214
4600 1388
4979 1899
3026 3877
4916 1331
1513 3796
4056 4126
213 1927
1876 242
3235 907
21 2777
2340 868
3955 4496
857 4994
1952 28
3633 3423
3905 1793
3785 4766
737 4199
2810 3890
1271 4588
1799 4298
2952 1529
3433 1274
354 1380
4287 2886
2755 3054
1717 2914
3294 2434
3021 1905
6 1597
45 2465
4621 2444
1806 1992
4375 1694
4092 3682
4080 183
4475 427
437 980
2991 369
3082 4688
1158 2879
4950 4575
2710 2386
4542 4711
4454 3098
3867 434
781 1298
50 1712
2007 841
2236 2131
3330 327
928 2179
222 2396
3627 3876
2510 3544
2720 266
4978 3723
2998 336
1573 2626
2615 1097
4742 3012
2420 1350
1347 386
3746 718
3740 773
964 4493
4669 3891
4398 4637
812 2777
1494 4525
3976 3004
1879 2806
3785 4738
781 2008
3828 478
4388 212
3919 2254
2524 109
310 686
3248 3097
1366 4237
3417 2450
1032 3285
1216 3484
1747 1521
3879 3246
3831 1461
3842 3018
883 3990
1325 1331
1377 18
2228 388
1401 2921
1589 4810
4131 4463
3050 3184
1923 1222
1880 1049
1241 4302
3869 2333
389 2492
1451 4247
1774 3794
3366 473
3829 3880
1719 135
549 3685
1485 3306
1238 186
3789 2072
4576 1797
21 2172
1054 2938
2741 3256
2819 4234
3508 3504
3347 2619
1204 1217
14 2004
847 3134
1919 3653
2553 361
4774 657
4395 3261
4654 1001
4040 3523
4785 1725
2321 4270
108 3435
2418 995
135 3048
1593 3470
2276 4796
11 2421
1039 1955
2581 2495
121 2656
2550 3231
4693 936
4560 1185
3720 934
288 3938
127 2130
2371 3427
588 4064
254 4112
4512 1423
3139 3879
260 3059
215 1622
400 4551
2135 2250
418 2075
2449 1270
247 2158
3947 2887
3520 1394
2613 545
2752 3941
127 4825
4409 3274
286 3975
2589 904
4638 4118
2740 2832
3654 2752
3318 4913
613 4142
1510 1447
3030 946
1963 4073
3590 1999
3224 1091
1224 714
3888 972
4540 4295
2344 773
1840 4304
2653 4859
4229 1333
442 1848
1375 4423
4909 4230
2433 3750
4391 1679
3082 2684
1220 2537
3876 834
4691 2331
1175 3090
1715 3898
665 4090
4953 2677
1626 1126
4377 2118
706 3184
3061 3316
4662 2196
108 2836
1947 2021
4877 220
3867 3382
1197 1929
402 1723
4515 2890
142 3433
3439 466
2141 4775
863 3927
2404 4278
470 4748
4378 3732
2422 704
4510 1344
4625 2188
345 312
3262 814
4777 1095
4564 4728
1453 292
1111 3631
2379 830
3207 1018
4771 1149
2291 4044
4672 2438
3056 245
4151 2366
1478 1937
2461 4479
3874 2647
2025 3392
3497 1608
4168 2398
4601 688
3383 3197
2774 3062
4426 4322
2627 1509
2185 1296
4226 2517
4365 1229
1981 517
2922 4374
1060 2507
4115 2400
2531 4454
4752 3131
2825 180
506 1550
1738 1812
4729 234
3547 3994
3143 419
801 1829
3653 4715
4633 3151
3940 2048
1019 2094
4039 1462
3852 1158
2575 2075
3255 103
3572 2290
2133 1097
1160 2026
3397 134
4944 1032
1878 1147
4528 104
3819 3839
4908 2596
167 4269
3143 1576
4075 4640
11 1178
2723 3369
4967 3215
4338 2603
1778 979
1333 4830
811 3102
3508 678
1059 1113
1868 452
1143 4386
4385 4932
3203 3632
2407 215
1840 3152
3392 1229
2948 2660
1272 2711
4560 1370
2652 4285
3278 660
3803 1161
4400 2956
1494 569
1105 1481
128 1308
982 1551
77 2409
158 759
1513 4520
3443 2346
3585 355
1554 3066
1508 3447
88 4307
1899 3114
3116 3931
3780 919
4517 2300
4935 2180
3391 1695
595 1045
1896 2516
2824 4500
2343 3571
3998 3068
3744 3050
3622 3631
2562 865
2135 4969
4982 4949
618 2352
3888 1110
1453 2549
583 3835
96 1400
1304 4410
761 4000
276 1043
2610 3153
1538 48
355 4495
2316 632
2059 3518
1703 4863
4089 3704
814 1041
846 4052
2841 4788
1750 298
4355 3437
2420 4391
251 1461
2424 2475
4390 3779
1083 4603
3243 664
67 2881
4742 486
792 1627
4628 3121
1971 642
2346 4827
3297 3514
2528 2812
1406 2463
4739 1251
4882 3081
3346 4602
607 2446
5 1005
222 3759
4341 2074
253 1750
3148 4950
3090 942
1345 3050
391 569
3366 3170
1893 209
2889 515
4353 3178
4617 891
2167 2060
4088 2511
3691 3003
870 4703
3792 3011
4536 2026
3527 212
364 1493
4797 3391
4159 4608
626 2901
4549 327
2356 4897
867 204
1126 1718
1871 2316
3843 2960
1993 878
929 4830
2927 3423
3517 4501
2095 530
1837 4376
1068 4961
4910 805
1504 4045
4854 81
4357 2202
1780 2770
355 4950
1558 4712
3795 1240
363 465
3630 4794
4734 2082
795 2303
3884 3448
2393 4804
4491 4116
1141 3830
4511 2753
227 2968
3652 1233
2794 3487
2947 2826
3177 2706
4837 4143
4145 2405
3523 528
1769 227
4120 1462
4826 1855
3260 2519
1985 4125
2927 3684
2155 1383
3599 3595
1318 1697
3877 2336
4024 599
474 713
1832 3918
4928 4202
1550 4300
4095 3781
1666 2456
427 776
69 1313
3151 3159
2948 1434
725 4671
4117 1057
2869 1715
1392 3964
3666 1569
1954 3494
3783 3264
4541 3080
1972 2481
4905 4081
4447 4251
4096 445
2024 2532
673 1895
699 3687
3205 4849
3765 3494
3062 2758
87 1047
438 1973
2659 4755
3222 2329
3455 709
1174 3970
4441 1084
2749 2965
2295 4875
2689 1833
3714 29
2134 2091
606 3569
2764 357
4718 4015
2943 3388
608 1034
3148 4347
1798 4599
1198 4396
3251 3436
2535 524
527 4515
1356 1004
433 4985
1457 3226
1855 157
2496 3567
1757 2633
3875 296
813 4244
1922 3642
487 1032
3271 1893
4920 1415
3499 2320
1588 3950
4410 3624
2786 2713
4566 4462
3009 1376
4342 292
3880 4047
2411 1737
2071 3304
2 1385
873 3986
402 3817
461 2424
1628 3244
2039 4927
2618 1624
1500 2770
3118 1482
4309 588
1273 1790
3308 1353
4563 3622
4162 301
3571 4389
737 162
4484 1721
2844 4462
3805 1732
681 4424
3317 1165
3099 1628
2441 2713
1683 2669
3357 3140
1798 3445
4810 2391
2952 3033
2276 598
1716 3505
2853 4612
4232 1855
1522 4895
566 1200
3100 1526
2292 3927
1835 4164
3038 4117
2235 1463
1234 1419
4705 678
4097 4824
4799 1794
2368 3742
3545 3328
3544 1171
3855 3141
3886 2468
4200 3541
2603 3383
3028 1043
2745 1686
1611 2729
2615 4925
4413 1243
3868 1277
4715 4517
47 85
163 2879
3455 1914
2625 1647
2703 3007
3331 1170
607 4832
3902 3271
1356 2488
3067 2389
2291 3184
293 3245
2195 2568
3912 4072
1800 3578
1941 4983
3743 2750
3102 1960
1490 2276
2002 252
3743 3096
939 418
3545 1089
4496 2515
4616 362
3416 1917
4295 4914
4402 2675
4074 4667
907 3011
3459 1342
4840 4331
4316 3129
3502 318
440 4049
1445 4296
42 3291
1769 2742
1688 1536
1894 2619
3589 4519
2489 1566
433 2206
2141 3006
1913 1431
3689 4654
308 4707
1044 3045
2859 4599
3648 3836
3039 3921
2545 1474
2432 3976
1787 633
3114 794
1829 1105
128 1240
3377 2409
3633 6
4341 3065
1820 834
3684 3292
2508 2133
3142 4299
2266 1196
989 4625
4354 259
3238 3107
4719 3059
4811 2005
4746 812
1660 2699
4836 3626
3212 658
3513 2790
1849 2081
597 3065
4478 2386
1123 1680
839 580
323 2367
1457 2601
2269 1766
2458 459
3428 967
1894 642
1483 2919
1134 4274
893 4978
3481 2627
295 107
2057 1371
1397 2143
1126 2429
1694 3030
1916 662
2804 1465
3859 1019
4654 2255
1340 1231
3214 3578
2541 649
484 4447
3751 2557
2221 2209
2476 2901
4228 3574
4399 3965
3219 2421
4252 2694
1332 627
1407 1502
3833 1618
3241 4893
4573 2019
1427 3603
4574 4683
3686 444
4587 3748
1304 4243
3723 574
4814 2232
1753 1739
1505 4901
4657 2807
2918 1356
4388 2196
445 2243
2255 3566
2019 3529
1236 2558
4544 4222
1188 750
3027 2033
2578 1527
4659 919
3429 568
3372 4495
4039 3973
2338 3559
4567 2448
554 1204
2246 2262
1915 1903
2238 3047
3653 3158
3475 1082
1059 291
4805 2399
3464 679
1991 637
2923 2837
21 2075
2279 1819
3399 2792
2037 4280
2873 3318
2962 775
1015 42
1539 2214
32 1478
1603 1560
3257 1399
2955 4644
1287 2903
395 4725
1873 3619
3165 2149
3394 2288
2532 3487
4636 4367
2463 3598
4235 2976
4460 3441
3383 2026
3969 224
1810 4591
4312 2225
1478 2936
3713 271
1709 1199
4419 653
2712 277
1053 4813
2156 3033
2958 31
4749 3741
2203 2360
1331 722
3936 1606
148 938
2682 3864
4421 4395
3542 3903
390 1506
1211 834
1086 2329
987 2106
1107 557
1055 4334
1380 1201
2105 4526
1530 4980
928 3001
2935 3093
105 2754
213 3058
1438 4977
2544 392
920 1080
254 2232
935 4312
3412 92
1887 685
125 711
488 4977
4090 4469
786 2273
4896 4123
4763 3461
2129 567
4537 2131
1534 1092
207 2096
4657 3991
2793 4665
3558 2145
3589 984
1521 3112
2215 1205
3278 981
1816 3122
4957 1451
1890 12
286 3566
4216 4572
1059 1950
4939 392
1754 1980
1423 4475
3477 4900
1670 4784
4151 3769
378 4930
1069 4982
3100 1345
2040 1739
2048 1699
4772 650
4816 1507
2658 3240
127 2050
4523 821
1977 4212
4770 3227
4911 2422
3969 282
3850 4210
4706 1575
721 4540
4810 70
2884 3237
1008 2816
1888 2069
3248 457
2291 2181
4981 329
3300 4669
593 1775
2811 908
3897 1264
4518 1390
4636 4129
3665 1834
3395 4070
2900 3225
3706 3445
3183 1255
82 3834
11 2655
4472 1081
1120 1654
2702 4541
4831 3621
1907 2255
4457 3814
674 1975
47 4804
1391 1353
1533 3967
1568 2700
4006 3780
746 1128
1046 4133
2023 1252
4994 656
2474 811
1115 2578
2578 2028
3164 74
2986 3623
2616 3731
2493 2872
3970 3507
4424 4884
964 4769
3145 4119
1242 985
3329 553
514 4504
4167 4702
380 4444
1034 847
3790 3499
2947 3708
734 1352
802 434
1146 4942
1920 3030
119 869
3422 2363
4783 1991
1785 704
1424 2629
3561 2167
1165 1925
3994 1552
910 3608
1520 3346
208 2560
944 627
2521 4170
1529 315
1197 610
4090 3053
2454 1472
2912 4949
1362 4542
4816 678
2892 2531
4816 2528
3269 3852
4361 3714
3412 3438
2086 1153
2313 3175
2797 665
2564 1928
2976 2083
2293 4715
512 1149
2543 2577
4981 2298
4012 2252
19 2640
4398 403
4166 1987
1433 4474
4371 396
1022 3940
769 4204
1177 3727
3586 2631
4363 4903
4340 2653
4726 393
359 1759
158 3215
4349 205
1182 4581
3079 4470
3162 4596
3556 71
2606 1055
4935 87
1129 2328
4467 4443
3959 1895
3260 898
2060 91
3325 257
596 3140
4264 791
4844 4324
2538 3122
293 4415
3651 2947
4614 1150
226 4695
94 106
2233 824
2926 2574
962 4577
3875 3775
407 4324
1496 1515
3548 2071
2714 1293
1528 2365
507 2764
1717 4618
668 4665
4600 1710
848 2992
1031 2285
2252 1302
2408 4934
2273 2732
1573 1660
4217 1581
1008 4737
4862 3764
2545 2171
2304 3429
2692 4698
402 594
1691 448
2891 1941
1722 4178
82 4729
1549 1816
736 2218
2771 3056
2363 3583
631 1613
4876 4769
3478 1837
4004 1866
892 757
1730 4894
4630 3505
4255 580
2105 4652
1384 4618
2486 2185
4763 3961
757 4221
2712 1765
1051 1954
4725 2540
4464 3728
3162 4603
3049 1614
2245 1612
1466 1321
4809 1633
4600 2363
3322 3409
711 2108
4399 2126
687 3103
4332 672
2030 3894
1687 2323
4110 4037
1378 3246
4955 2527
309 2403
4118 291
2595 3103
1889 1316
761 3230
1766 2580
2668 4969
4695 2035
2174 2371
4541 1945
2353 44
4428 1389
2272 4264
843 1926
3992 2991
782 3676
632 2506
1419 2302
324 3790
498 3952
310 4548
1278 2965
1285 3828
3322 623
675 4222
4187 2692
1000 2405
171 2016
575 1646
652 4154
3769 2212
3585 4316
949 1612
2849 4095
1948 4702
469 3922
786 879
3859 4014
865 2952
4565 893
2949 2154
1664 3503
918 389
4265 1293
1136 3390
2837 4153
458 406
4344 3889
3552 1358
4181 2912
2064 3894
3376 4985
4470 3020
2287 3273
4697 4065
3283 501
2653 2477
3395 2517
1112 4992
4797 2583
3699 202
4667 268
835 3936
2414 3421
2110 1735
690 1152
913 952
2748 447
2223 3071
135 541
2288 1068
1670 4527
3767 1193
4894 557
3422 1534
4598 3160
3875 4977
232 2438
2390 1822
3653 3816
660 3643
4950 119
2202 36
4417 3503
4894 2186
2477 1422
4553 3856
920 3450
1576 1881
4216 3630
2977 373
4113 3761
4182 725
3464 2644
539 4826
4178 3722
4581 2938
4925 3709
4081 2528
800 116
4927 4879
311 4531
2099 4622
672 2940
3656 3152
2479 2399
3139 3123
4888 2328
163 4181
324 4291
2077 1911
3588 886
955 4198
1689 4307
969 2538
4091 4853
2502 330
1836 2507
4567 2303
3709 506
2833 4982
4005 297
374 4871
4788 1967
2133 3685
2123 1739
1851 1731
3937 3048
2241 2261
2253 537
2617 1936
3202 2559
3844 4738
4555 2725
4278 2799
982 122
2898 2851
4653 3332
3959 1790
1558 4721
4758 479
4283 4208
3279 1174
2580 2291
4755 1279
3347 478
388 2671
1101 4767
2537 4817
3955 563
4079 4796
611 2563
2854 2116
149 654
1737 556
3105 1664
4590 4728
3305 3767
2624 4992
461 267
890 2899
1916 1383
4860 664
2443 2665
1596 3767
16 173
2671 1683
2913 83
2250 2621
2656 1112
4440 2046
1808 424
3710 4336
3595 1386
1935 1909
1604 2680
209 3829
175 450
4649 2329
4338 1632
3871 840
4663 167
3951 760
4342 3112
4273 454
1538 3785
71 3640
2799 1642
595 3714
1399 4851
3129 3999
1921 4140
3415 1485
1814 2737
2696 2149
2318 2078
1117 2056
2164 4657
1940 2234
2405 2983
31 4749
683 1814
4421 2321
3341 909
3983 233
178 2680
2031 2377
4259 4050
3857 2583
4796 1541
2302 4165
4945 1065
715 2815
4932 892
552 4177
3334 2736
28 278
4538 2929
2889 900
2927 172
4442 1922
4151 440
2058 1410
3737 2490
3444 4795
3431 3269
3855 4474
3302 2572
750 984
1060 594
178 4453
4620 4647
3385 197
4267 2776
3108 14
815 2617
1580 1219
784 2715
464 445
785 4036
1421 4258
4108 4852
1316 921
1645 3200
3463 1740
251 2811
2267 3267
4895 3690
14 4007
3086 2599
4860 3217
2699 2900
154 2539
1436 2742
3741 259
3596 3307
3681 4777
3107 767
4594 3663
3331 2648
1343 855
4917 4707
4452 3033
1488 1110
3901 672
2839 2778
145 4401
127 3375
1819 3144
1766 4985
2347 4541
47 1606
701 3661
4926 1511
1071 2005
641 66
2645 2368
2004 3417
4338 3142
4505 2693
3094 2080
2599 1771
1282 607
4917 4990
2009 4431
1320 4409
2508 2337
4827 2418
2184 3491
2616 4879
4238 1071
1152 1789
19 3816
3439 1153
1003 3817
3256 3756
3614 1458
4920 386
2101 3923
2218 3256
697 1987
721 1848
3247 4980
85 3288
2862 603
216 2581
3980 314
3773 2877
3859 3195
3771 264
1996 1635
4546 1050
1877 1798
2016 1706
1789 2333
2347 2715
1865 913
2876 1016
94 4677
686 805
4333 194
3212 1210
3688 2920
2476 87
1610 1715
1485 3685
1009 1272
181 1457
270 524
2909 1512
3885 2587
4589 11
4715 1831
2147 931
4606 3603
3118 2745
2168 4689
2496 2512
1553 738
3217 2876
868 3352
696 175
637 3733
3963 4513
4096 2445
4687 2914
1720 1226
2967 1293
4321 3991
437 3368
1292 4865
1909 4528
1254 3402
662 3349
3386 908
3886 4765
3202 4428
4244 3639
316 4485
3578 4469
899 1255
2387 411
441 4575
3015 1612
2538 4802
3963 3571
1589 2556
2184 1330
4305 792
4913 643
1318 2465
4560 3848
3664 2598
1994 2938
2033 1489
2236 2647
3375 1309
412 2713
3509 2913
2237 165
2100 1264
3367 1547
1992 2122
752 306
2043 879
1264 3612
242 1180
3222 3941
4673 2491
108 2017
2057 2712
2482 2883
1016 4364
1329 4242
1863 1232
2078 429
967 1260
3990 132
3019 2183
4657 3729
2946 3172
1005 4030
4181 2932
3618 4338
3848 3341
2706 4389
4419 781
3863 2251
2646 2008
743 618
3144 1239
293 1186
1446 725
1567 2007
4567 4578
2504 750
4674 3868
4938 4192
3674 1106
790 4369
1173 2179
2305 3962
2212 1068
1261 4602
2097 2161
2578 610
4476 2681
3414 2791
4402 4450
4087 4267
247 2567
3192 2893
2777 2718
622 2770
2058 4217
2866 97
3887 1409
1445 4704
1529 2402
4582 1853
1824 1918
733 2834
185 3661
2770 3156
3644 4485
96 4414
2557 4186
1316 897
514 4894
1230 3034
1383 3087
1420 4485
4009 4139
3221 3160
4195 3179
4359 2027
2572 3167
4457 4756
496 2615
1273 409
4471 1471
4372 189
576 4517
4674 3682
4981 2465
2972 3960
3094 4814
3631 1811
3348 3658
617 2760
2908 3885
755 779
1750 380
4663 2900
4415 1739
3058 1758
677 104
1144 1092
1638 2405
3498 2144
2671 2202
2484 168
2696 4217
1405 486
2574 4099
2960 1686
4224 2436
349 3333
4643 1543
2172 1282
136 4358
4190 4006
783 4406
2044 2168
322 3553
1301 4830
1048 3717
2142 2658
4597 3234
2117 586
3544 1676
4583 3149
51 3006
1921 1705
1358 861
2238 2505
376 2926
1802 4786
1327 2446
2877 53
1 2583
2921 4971
4631 1486
4804 3643
2376 3478
3141 520
2071 861
2839 3919
3756 1501
1382 2062
3701 4823
633 4481
4756 4781
1683 4955
4212 2232
169 4046
2162 541
1081 3670
463 2064
3139 3254
39 3087
1007 202
3984 3354
1570 2062
2909 1869
2940 1765
4847 2330
710 1410
1053 2307
2101 3267
1846 2918
2814 3225
4591 4316
3980 2957
132 2156
3423 1910
46 2881
3369 2698
1718 2356
4694 3196
1419 1807
3047 2211
1275 1444
2935 845
3573 756
1878 4519
4321 2495
725 4803
1186 505
3028 2877
1319 4025
3662 672
3510 962
833 4428
4792 2496
870 36
964 1380
1779 4546
1067 2674
3091 1998
289 3250
1955 2300
2658 425
3657 4645
4537 4037
4946 719
4616 860
1803 744
3315 3578
695 885
4131 420
4283 963
3511 2721
433 4720
2616 2611
873 255
4021 1782
3623 247
477 4892
2517 4362
4935 3486
2198 1163
2796 4831
2167 8
4291 1736
4081 3159
222 4926
1880 1545
3161 4225
4590 513
3467 4691
1830 534
1686 4267
947 833
557 3131
2368 248
3475 2320
4675 3073
4436 3367
1617 4574
3615 2890
4589 3228
323 4765
2055 1037
739 4275
2179 3737
3932 3650
2072 218
3581 1931
641 334
2214 2954
1907 3008
3117 1635
3182 1093
3925 3556
3914 2933
4120 2034
2290 3956
4033 536
4081 2321
610 1813
3174 3871
3474 3207
2605 4527
96 1725
4502 2550
2035 4488
4451 2731
1027 1777
3343 3168
2684 3971
403 2571
2620 1055
1962 3772
4845 3959
791 3262
1992 3120
3036 707
4326 3730
2554 1561
2206 1610
4312 3280
1495 2859
1711 552
4418 3544
2693 116
1062 1141
3018 3068
1483 3466
3634 1427
3542 1788
4909 4083
4269 228
2106 4399
850 1748
1490 2506
3399 4229
1883 3136
4770 3621
1893 2303
679 3555
1934 4053
1571 1906
1676 4613
4101 2044
2066 4370
4989 550
353 1608
688 4617
3306 2861
4526 1593
1370 2498
1406 1300
1927 4927
817 4221
1614 370
2290 918
2628 530
3025 2097
1005 4976
2937 1631
2145 1815
3710 1897
2197 2627
21 980
3140 4359
4832 3374
1539 3714
4094 2099
4353 510
1120 3303
1648 3262
3820 1561
2923 2076
826 1148
4979 398
1770 2676
753 2621
1624 3526
907 197
739 621
3842 1239
2119 2536
907 2158
1702 2589
3272 286
4244 539
3271 793
268 1411
471 694
1703 3791
262 2005
2189 910
2113 1924
484 4190
4107 3985
3278 3109
2604 2364
3188 1682
3186 2404
1775 1144
3919 4481
3357 672
718 4746
289 3074
3606 3567
31 2118
3465 3227
3734 16
2584 3375
3178 3541
737 2553
588 3687
4124 819
1678 1918
842 8
3209 3895
3862 2547
567 1681
514 3632
4573 4303
4446 1908
577 1059
3217 3817
2940 2831
938 2444
3652 4406
1758 4037
26 1590
4597 2783
4564 1941
4042 3008
1322 4969
3755 2718
5000 3690
4040 2659
2585 4509
3194 4523
4132 1564
4603 2854
4282 1296
4743 2815
1550 2268
252 2326
1453 3301
2458 3503
3786 1541
859 955
274 4103
3084 958
1930 129
3317 1098
1058 721
3152 926
4551 3530
4878 801
2505 1604
3397 646
2633 482
3490 3049
4490 1441
2581 2006
1001 899
843 3647
2045 2184
2564 3491
383 1244
8 4729
3745 2369
2218 3743
2818 1776
1824 2743
1938 1428
4928 3372
4882 2071
2252 4781
864 2485
440 1290
3960 2426
4148 3202
1994 3010
5 4024
3231 3944
1177 2731
2606 4400
1278 1695
2598 2862
4770 1409
2552 154
4990 1969
3672 1318
1008 3141
4458 151
4519 1866
2527 3685
4229 4618
397 4099
4603 1060
1721 3347
2048 3508
4551 4447
1973 1398
3530 2573
3423 4703
2211 3586
3696 1856
3297 2741
2288 945
672 2329
3223 2160
2327 2685
2612 2337
2528 5
1933 1118
3623 3626
275 1778
2136 3773
3000 3416
590 1408
1004 4979
2734 143
4195 3458
4865 2715
2136 4611
3657 4266
2653 4277
3976 1593
893 3318
3490 4051
3248 4730
1184 3630
3726 1599
1153 2100
3143 1965
2859 3251
3113 4854
2258 2175
1049 3759
1382 1618
2346 309
4289 2766
3404 4499
935 4242
2683 2607
2026 4531
1107 2422
4787 3389
3126 2368
2369 1831
2213 1683
75 4538
2855 1812
1725 3786
4887 1288
2115 3000
2787 2233
883 2447
3784 1578
173 1125
3950 2415
4244 3351
2689 4001
3772 2461
3459 2920
1387 2703
590 2134
4938 222
652 4956
2647 2064
876 4215
2117 3975
533 4515
3543 3994
1862 3361
1852 1538
3870 687
1475 1489
4663 1881
1092 3989
4949 328
1924 425
4123 1471
3575 3644
2344 4228
2382 539
471 490
2199 3914
3424 178
399 842
4318 2121
70 454
4319 4580
1194 3520
2096 1853
1901 885
1910 2564
664 3585
4719 3331
2467 3477
740 574
1109 3700
4468 402
2171 1897
2419 1116
227 49
2253 4146
167 2147
1519 3613
940 707
2391 1406
598 4335
1839 3723
4085 2413
380 2931
2638 2881
1308 1505
3114 4135
3762 2817
4382 207
1867 2626
4132 2313
4110 354
4053 3475
1867 4573
4438 776
1168 1256
3143 3598
4924 3335
3289 1665
1222 2684
3225 2840
775 2557
1932 1049
342 822
2713 3461
4740 3741
2979 677
679 3529
186 1398
2813 1525
641 2548
908 3640
4388 2016
542 2085
3257 579
654 3181
3820 4544
4391 4360
2460 3478
929 4823
419 2422
2783 2795
589 1804
2726 1531
686 3283
1988 2616
4772 965
359 4015
763 1379
2452 3020
1650 1063
1976 989
3920 4844
4254 4362
4157 4428
602 1628
3344 3983
2970 3864
3489 2155
635 1590
1065 315
3511 4055
3817 3303
4918 1803
3501 276
1608 2430
2783 1028
1730 539
2877 938
2653 4971
1962 1675
4429 157
2301 1750
1075 3366
2565 99
4126 4010
170 1717
4007 2703
1244 4880
902 3100
997 3256
4433 2684
1882 4624
3602 2770
1776 3783
4933 2511
2257 3445
4217 109
3289 2303
3532 2516
4860 3890
1782 4797
1980 1938
1008 1900
3593 1660
2006 2515
4552 2639
803 3550
4287 937
723 4719
147 2800
290 3400
1367 4439
1956 107
345 4236
856 3603
4835 2367
4681 3877
1343 4255
1428 786
2244 3721
1018 3734
3658 3432
1389 3637
4043 3842
3910 1133
2026 2294
584 4163
751 4082
3911 1567
4903 1749
1101 1197
1016 1048
2676 2553
4710 3094
3356 1500
4226 1886
1079 4665
4103 1645
1629 1332
3229 58
3232 3921
2478 3269
3101 1210
691 92
3849 3447
3294 3542
1659 4990
960 3486
3354 1858
4140 3204
962 4965
844 2947
12 1524
368 1030
773 1411
3640 2600
108 3654
1075 3372
4472 987
2895 4451
3386 4437
3719 2139
2477 623
2610 1724
4963 3955
3185 933
2317 3818
4275 2336
1033 4729
821 3918
954 1358
1614 1085
1852 2724
1048 1791
3146 4250
1983 3483
1864 3433
4563 3573
21 983
843 4933
89 2322
1636 4921
4280 1006
3676 2800
1359 215
2373 4489
538 1303
733 4474
157 4179
1822 1708
2817 3862
3765 1176
3588 2838
1481 4174
1975 3114
3034 739
2121 258
3994 389
124 637
2771 1783
3079 604
4550 4443
2967 2823
2150 2514
3257 701
4649 74
1227 3742
2276 2754
3246 1851
1047 4092
1190 527
799 2908
3242 3116
1617 882
4326 288
253 3814
2310 3174
2464 3743
3519 751
1174 1665
473 1322
2666 3469
4988 2040
1304 3346
968 3101
4151 780
3028 4708
1726 1168
38 3297
3389 2819
2934 362
3369 1036
3618 4139
4708 2517
2764 4055
3343 3775
1253 1427
526 963
4934 1849
3841 4819
888 963
1279 2743
3456 2555
509 3916
4157 4049
772 1836
1688 1889
3241 893
2435 4603
631 3104
716 4923
3062 1405
2428 4600
2245 1617
642 4465
3554 1637
1255 2764
3796 1973
4279 3323
1726 358
4315 2519
3199 3721
3536 101
3270 3323
4044 2540
772 310
4206 3754
1250 3959
1535 4856
9 219
4048 4457
850 2605
4667 3582
1056 2593
1128 4316
844 1035
1344 2426
673 2377
4192 3776
3087 255
3637 1891
895 1884
3712 3293
3990 4232
1866 3754
449 3808
2945 3387
4036 253
3828 148
3250 4516
2193 851
935 1444
4259 821
2775 4562
2162 1905
2808 1092
1941 981
2742 4616
2717 949
4251 4165
2065 495
1473 4276
1607 2644
934 2884
3364 3853
2255 4543
874 4880
3255 1031
4799 4396
3290 1250
4284 3887
905 3487
1239 4686
2167 2935
4862 1448
3969 4586
2874 2615
4667 474
619 1991
3723 4527
2236 1966
2216 3931
1301 1543
2928 2229
532 2045
4843 4506
4214 2819
1473 4285
2204 990
3667 861
3070 4178
3496 2543
3950 3938
3173 4947
4403 2727
3625 1882
396 3421
1529 710
306 2611
1363 4356
4469 502
4357 1972
1758 3424
98 3898
4392 2083
4235 3261
399 2495
4418 4524
4118 288
7 1783
4329 2445
3781 3844
2557 2429
3177 443
1982 3915
4626 3194
889 502
3059 1898
4795 1114
8 213
2529 3831
3987 1107
1629 931
1856 735
935 2573
1885 3960
3826 4601
3896 318
872 3700
114 2078
4256 1924
4314 4703
2342 1144
2165 1616
761 3624
37 3719
360 2571
2313 3385
1970 132
3629 1583
3038 689
1700 236
143 1299
3295 4949
3135 1314
2598 2086
3222 4960
4173 1350
3779 1604
4857 2590
2052 3849
210 4524
4480 4061
4529 4417
3943 4852
1537 3
489 76
4896 2522
4666 2698
487 1770
4083 1323
3501 1807
1715 260
393 867
311 4213
812 2949
4853 468
1441 1825
964 3705
2330 1657
1394 2115
4468 1772
1127 4539
2418 1874
512 4842
3849 1825
1445 525
4803 1889
4370 2826
1890 581
1419 3117
3496 1064
2135 2218
3136 2306
499 313
3874 521
2729 1214
4644 3204
1041 288
1491 164
1041 4515
4598 3412
2713 393
955 2254
1878 583
412 4599
252 1268
2317 49
1299 2875
666 2032
2621 2055
4987 3749
2036 3939
2280 2758
909 2199
1489 2700
3591 4389
3166 1427
2258 3560
765 3193
1120 4597
3644 474
4307 4268
1000 2857
3518 3057
1138 15
450 314
3802 3909
426 1642
3797 1380
753 3366
4392 360
3212 1963
2354 900
2679 2746
1 1798
4937 3856
2950 1066
1696 1416
2015 2929
2347 2033
4996 1472
2810 1736
2306 4113
3335 3618
2095 2629
69 3842
406 3040
4198 1689
321 3224
2503 1101
2828 4915
581 4660
2740 512
3086 1484
3220 3875
2540 2826
46 4302
3838 3826
1772 4682
3657 1144
264 2154
2249 4256
1834 3472
2919 2473
4077 1538
4959 1380
83 3360
831 3515
652 517
2895 578
2747 2409
47 3677
268 90
847 19
2981 4095
2264 327
4747 1686
2092 2281
1490 4000
1764 441
3937 554
1638 4133
3977 4795
1466 2174
3444 4311
3956 1466
36 4548
3012 4787
3543 2752
1950 3622
2904 3112
4983 2588
1561 1623
4148 3763
1169 2917
4606 2336
2040 773
3198 4989
4634 3169
2077 3043
1625 1033
216 1037
893 3779
2720 981
2534 3758
869 2079
974 3479
1159 423
4123 4094
3392 4003
1719 4817
937 980
707 4641
4975 2478
3943 463
26 2811
3824 2668
3559 4091
3257 828
4941 3087
470 4293
3463 124
4927 1913
718 4378
4278 408
2642 1532
3983 647
1976 1783
2971 1294
4176 3312
2925 3902
2021 2481
4718 182
2796 1463
2827 1981
50 2054
2492 3895
3560 4989
505 3667
1775 2542
4385 2069
155 4860
1393 2496
4688 813
1041 2921
728 765
2674 2296
1846 4310
2558 1751
2177 127
1570 1218
4292 3380
1432 2941
2024 4098
2564 3874
353 3968
1305 2950
1273 2128
3384 3526
4167 4061
3066 1787
207 770
2169 622
2451 3771
3785 714
2890 3913
1646 1945
4527 4507
1185 2215
79 3861
66 1228
196 4600
2657 3749
2810 1563
3873 3340
2869 2932
1334 180
2857 2264
1149 1296
2975 4223
309 3737
2285 4491
4124 4446
2531 4549
1939 3830
3386 4593
776 4874
1695 1355
2877 4113
232 4783
56 3385
2722 3343
4043 3503
416 4137
1161 3809
1533 4069
2878 352
2804 966
4129 548
1663 986
4785 3751
1546 560
4413 1037
1278 3384
868 1647
2626 148
3081 913
3864 2610
3187 4782
1161 1416
4752 2107
2837 702
60 4308
4433 4589
3326 2213
2147 3411
1234 439
3032 827
2824 1430
2455 797
1697 584
4809 48
2965 4905
4176 3360
3902 3806
3101 1414
4504 888
4990 2524
1555 730
4402 2916
3771 4386
3209 2819
4861 2363
3147 3012
1113 3339
4955 675
1687 4401
1567 339
2153 2451
4583 4367
4433 3112
2826 2270
913 2982
3259 4229
874 2667
4471 4807
4576 2053
161 2824
1102 4348
1059 2649
2189 605
4041 4471
562 4806
1788 4709
3285 1142
420 632
2050 3783
605 307
1460 4046
2974 1354
3329 2146
3128 1382
2414 2003
4901 4153
2909 1857
1852 4630
864 3866
413 3844
2000 526
589 4440
3218 298
1074 2530
242 98
480 3084
1457 4859
3107 2913
371 1266
1319 2615
4867 3983
714 708
608 417
2261 3338
4318 1323
1847 4439
1346 1095
3162 906
2086 1597
2050 3360
2670 723
2382 2620
3291 1759
1420 1778
485 619
4440 4138
2791 450
4571 3192
3286 955
3290 4940
1826 4933
365 1582
990 3788
2309 2133
2662 3906
3727 738
627 1400
2752 1166
108 3637
2863 27
3224 3377
1017 1205
3432 3369
3573 2759
36 2520
1177 4365
641 2968
2452 66
3991 2640
2943 413
304 1542
3485 3500
2876 2756
2751 1406
3872 406
56 4474
4464 828
42 2704
4036 3432
4366 90
437 949
4314 839
2127 4850
4066 1108
4443 170
4329 3334
1357 2232
1237 3097
339 4183
1935 2898
917 3333
1477 2852
15 2106
4719 2089
4233 1127
2340 2254
1593 1641
103 4745
2661 475
1011 840
4846 2757
1210 1054
1782 3175
817 3520
2836 138
2579 634
3391 3051
1278 2130
801 2426
1058 4682
969 1716
3884 1546
1234 3498
3845 3646
2099 3490
1700 1341
4604 4964
3186 925
1100 4486
4237 3765
174 3663
793 3543
4518 4557
1823 1913
19 34
4259 3263
4208 984
37 1834
117 3678
74 4373
773 1083
2240 271
4146 3640
3164 2631
3982 1005
1847 3195
1792 792
1481 2387
2362 3418
3746 2889
4143 3484
3251 1625
678 4102
3885 4598
2012 3138
366 1530
1829 1012
3544 981
2341 3990
1356 4540
465 2159
594 3317
3372 75
2829 817
3128 596
3324 2320
3754 4213
4935 2169
4789 4286
3216 117
927 2502
2310 2802
4428 2663
4258 3365
962 548
3968 1189
3528 2298
538 2334
212 2734
1222 2668
4071 3637
20 3566
2331 1502
1605 1670
959 4626
4016 3855
685 3128
2972 1345
545 4668
2936 1750
1409 1984
544 3514
4616 1647
4658 4889
3276 3512
25 91
4179 3048
4183 2063
2458 2055
4448 1555
2225 1960
3337 3685
3695 2972
4595 2946
1486 4362
4088 4929
2232 4195
2033 4427
1412 4759
222 1796
1612 1316
2537 1124
289 3102
2311 3177
4931 833
672 1626
4329 3005
3998 2552
106 1748
2665 483
3778 4494
252 1093
872 254
591 2771
747 3012
1772 2417
794 350
2759 650
1286 1174
4679 697
4067 544
956 148
1475 1913
755 2558
4648 214
363 3585
639 3966
1655 1196
3190 2868
3524 4761
1120 338
4587 3033
4220 2908
4080 1877
2246 4544
2244 1901
4916 1012
4149 4628
700 3299
477 4717
3141 3130
2827 1705
1682 1644
3528 1048
597 311
556 3834
2226 1738
3766 4673
4443 2443
1898 2045
3450 1217
4707 492
323 1204
4747 2785
4362 4474
1477 1091
4691 4011
2784 964
1365 1278
4416 1698
4093 4669
3089 4415
329 3886
3248 192
2137 2911
720 3887
1863 3841
1098 1321
1782 3026
2650 932
1195 437
1395 1089
2881 960
2659 3081
4688 1613
662 3449
4257 2468
1291 2659
2686 637
1415 2839
2285 1429
2064 561
61 2930
3852 1486
2417 1320
462 3151
1407 2326
2993 3366
4551 1862
1976 222
537 2302
3676 928
4809 4491
583 4062
2760 4933
3910 3031
1106 4772
1856 3055
418 2135
1751 1408
3623 1601
3019 4590
1437 4486
54 2341
1024 1136
4519 1762
3480 368
3177 3327
4385 2797
2202 3983
4240 3075
3726 83
987 1543
718 4420
1592 3959
4297 4887
254 1440
2094 3385
1703 2603
1457 1369
4131 4461
3344 1265
2595 4347
2192 1537
275 552
3090 2944
4128 2806
2627 4881
1117 3458
454 2222
3224 2254
1404 2456
4318 1331
2186 1243
2444 4620
1401 1398
3031 4176
837 3587
1102 3896
4661 646
139 1874
2451 1668
21 3327
2084 4722
2824 2628
1803 4603
159 2900
1005 172
1572 4752
3718 1547
1720 1068
2423 796
4534 277
3715 4431
3194 4088
1672 4280
2245 422
2354 206
957 4833
931 1817
4712 1578
2418 2454
1998 395
860 4174
867 2639
1150 2537
3452 1382
1363 580
3376 4572
2020 4069
4770 2476
632 2167
423 4600
3325 3778
4402 2118
2359 4771
3648 1091
1085 2907
1987 806
4066 3790
4101 3336
4741 3390
4496 3132
3770 293
871 214
4801 3246
4458 4696
1401 3218
3096 4097
4407 1396
545 4407
2795 3999
745 3961
296 1360
1440 4942
1751 123
3929 3715
4177 3012
1281 104
4593 1706
3961 970
2428 3684
1572 35
3079 753
578 1363
1997 2240
4916 1422
4651 3745
3408 1796
4560 2576
3349 2305
3478 2762
106 2734
300 3514
3936 4080
2427 3363
1569 4463
1078 1436
2526 4776
2773 4192
3869 3573
3748 3727
4555 1048
1234 4471
3372 412
3215 2309
3750 3957
3235 2697
36 3559
4248 4828
566 1570
2657 2956
3277 3783
3143 3244
4048 3445
3029 2821
2041 2511
2156 4028
4153 3513
4957 1487
3473 3174
2977 4709
4657 4195
1500 4227
966 2559
3172 720
225 1420
2105 1093
3389 2356
160 4041
1700 2197
2423 3914
2125 389
1845 1778
3083 596
1416 3048
712 4739
2005 3709
4745 1777
2306 4744
3690 2868
3459 4699
4968 1145
2005 4280
1447 674
4728 4162
3948 1593
848 2839
1323 4618
2270 288
1358 831
1181 4584
3037 2637
1075 2272
2912 3160
1631 832
484 846
3909 2230
4074 4118
3010 2856
2119 1076
2860 4431
4465 694
4887 4143
4706 3472
1535 405
2521 2525
3925 3537
1652 807
1770 1681
4535 93
1383 1949
3529 1043
1501 3103
3597 990
856 2771
2890 4561
4088 3199
628 2103
2669 2628
1260 4552
231 760
4651 4601
2668 1348
2128 2401
3264 1363
3318 4762
3908 399
1042 4236
3255 340
4901 4996
1424 3995
207 2081
3732 1338
4041 3820
4288 374
1139 24
443 287
1356 3999
4175 683
2827 3677
1731 1788
735 1661
3317 2494
2004 130
4772 3187
563 4151
2960 4968
3146 3974
1650 2115
1481 3530
4906 3891
809 4770
1139 4672
3802 2172
3694 1109
1217 3283
2141 2990
2213 4471
4288 3769
4003 4928
2083 3815
1244 3374
3878 3628
3131 2325
4513 285
1877 1347
1536 2346
3844 3498
2145 2799
240 1760
402 3680
922 2586
2264 3458
4536 2977
4312 1668
1550 1973
635 3530
3030 1502
95 3754
1465 394
1294 3668
1397 4587
847 4052
4955 2819
2350 3840
1728 4309
220 4128
3900 3169
1826 3756
2903 851
2279 4560
1108 3890
2829 4423
4632 1677
1945 1600
3082 4355
3529 4943
167 2856
4986 4383
490 2599
4194 72
45 2021
1811 4499
364 397
3006 2279
488 2664
3434 2266
961 1653
4259 4657
179 144
2538 1550
2207 3989
3238 2831
1101 1536
2708 1574
4884 3556
3100 4699
1304 4672
4770 624
3351 4613
4018 4410
4294 4877
3201 4121
4959 611
226 3806
2196 2038
4101 1384
1563 323
4070 806
856 4779
4815 2227
4712 1318
3515 1258
1081 3766
2579 687
2926 3050
3251 2661
4709 2912
4094 3130
1050 412
3828 1258
314 2323
580 803
3842 2586
2811 4493
3822 4860
1230 2660
2628 4350
3088 3275
2089 3096
2283 3130
187 1932
2586 785
1806 3316
4161 924
4658 2455
1231 3960
1576 3710
2145 3414
2992 923
2389 3487
3294 371
1956 43
2908 4869
2589 138
4793 2065
593 1453
988 3677
2374 3527
2652 1156
1386 1723
1724 2466
3092 329
4461 3061
3273 2649
2036 2653
2378 1644
1781 2286
717 2887
4711 796
629 2880
1799 3231
3602 1924
808 842
322 4646
3671 2814
1869 1846
3062 3270
993 4581
542 3348
1744 1592
197 2607
3057 2820
3396 1264
2354 3644
530 4397
2243 1527
3998 3375
66 157
1902 4529
3353 1191
2303 3529
2597 1442
3547 3669
3495 2970
1863 2243
3355 3024
4659 3197
711 542
817 2951
698 2897
233 3954
3149 2941
1682 2900
3262 4885
4177 4210
1240 2643
677 1865
4422 3932
698 78
330 3248
2064 3732
1506 1732
4642 62
3875 4708
2329 2485
842 236
2560 4918
30 1013
4173 904
1322 1326
4332 1757
3471 3840
4655 3031
1056 1833
4623 1808
4324 1251
3199 2513
4369 4338
2740 2378
219 129
1015 4679
2809 971
1537 1236
2292 1302
4566 1273
4706 4968
3751 2341
3025 1121
3714 1417
4244 819
1372 2489
3510 107
4622 1806
4934 2939
1939 3146
3389 4255
1778 3021
1387 2819
548 1505
948 3705
1681 2623
1241 2158
682 4423
3082 4361
4580 875
4568 4084
4991 687
4078 685
1199 3351
4736 165
3778 4995
3544 3107
3706 3866
15 35
1794 4291
4364 1946
2982 4328
47 3419
2333 1420
22 1573
1615 913
4412 296
2091 1455
4340 3256
2063 3596
2864 3343
3777 1626
2387 4580
2871 1338
21 951
3146 579
4297 4622
4518 2
2264 4600
4179 1260
1167 1177
1224 4961
4530 3146
4565 2468
1142 3509
4250 2278
1299 4214
4586 2709
2713 2409
2327 4281
4257 855
4018 4429
4394 1454
136 3268
760 1719
2250 4541
418 19
4575 2717
3837 4803
4280 4251
1925 38
2395 1084
84 957
885 1846
2407 140
3030 2308
1630 2543
3048 1160
4040 2049
1299 3762
3908 609
832 3836
1432 2669
1741 569
4365 4667
3725 2025
2885 3745
4011 1801
3425 1191
2422 3219
1786 2365
2887 2434
3517 3863
4575 2883
272 288
470 3212
1293 102
3788 2403
1243 2133
2911 2402
315 2337
1716 4367
1723 3271
3915 2499
4848 2969
3128 2690
62 2685
899 3501
1002 2796
4315 2562
2138 1267
2176 1
3851 15
3259 4329
3082 2947
298 1797
533 3347
3622 831
35 1288
968 2474
4718 2537
1926 986
3044 166
3559 2343
1077 4275
2340 1647
4243 1305
3879 2506
1458 1077
2527 4049
902 2603
4343 3372
639 4646
1780 3099
3122 3159
3531 1690
3165 2203
1890 2568
208 3626
1403 2430
573 1574
3939 1026
1669 4716
2192 2699
4837 4819
3096 30
864 3816
3611 3834
521 4563
1698 4693
2380 3024
1880 305
240 3025
3217 4381
3560 3276
1760 1187
3766 4920
1731 2507
3488 3010
4423 574
1242 82
3127 1357
4912 4434
1660 3926
4050 656
4405 3604
4966 652
4045 899
143 3169
4174 1957
3362 628
4610 639
4162 4085
2349 4444
4002 3099
1072 2640
53 299
1535 2423
503 41
2228 3723
4117 2773
285 2032
2674 4112
1670 1901
1305 339
3242 4505
2761 825
2021 1796
3424 4978
582 4685
2176 4507
1645 2947
182 1486
1251 3156
272 4133
3576 339
176 912
159 101
1231 2652
409 1595
2247 4901
1346 4915
3989 5000
3621 3875
903 4843
195 1059
886 3181
1092 198
386 3053
1226 1506
723 4606
4649 2567
672 4937
4283 3480
4842 3830
1234 3130
3770 2145
2305 4007
2706 1376
4906 564
1826 4449
3163 1986
302 3374
20 3306
2626 1336
2182 4191
921 3490
817 4940
24 2516
1396 4889
3009 1490
2010 2569
976 1189
3792 2449
3782 4277
3112 3896
892 2528
2136 124
747 2713
778 2790
965 214
800 2900
1231 1188
4432 2092
4369 2272
3149 1014
3603 4978
1116 718
2539 2582
3785 1001
396 4333
1970 2497
1307 4245
1665 4993
1685 1222
373 3142
4075 996
4872 1599
2278 1648
2792 2850
2854 2670
1296 544
4038 1185
1273 3534
107 2003
2919 1418
1458 4990
1078 4279
1566 3493
2050 3502
2022 1608
3350 1333
3056 4490
3772 3310
3836 1620
4517 1492
337 3972
1058 4108
2165 4464
1919 1731
2983 3240
1879 2966
795 500
4423 360
1170 2427
1656 316
4980 3682
3359 3261
1254 283
3729 4325
2029 311
3219 268
3417 3044
290 3490
4184 3573
1888 673
594 2931
2176 2042
4677 1878
912 3828
2467 723
174 841
4994 837
2739 3586
664 2859
4651 3904
4620 994
2469 1869
364 1550
3918 3465
1016 2380
1336 383
4363 1886
3904 2952
1978 3573
1131 2978
2462 4968
1760 2012
4805 4578
4564 2134
1201 1219
4946 2504
2674 670
277 2894
868 3115
425 201
2926 1216
3548 3096
1931 2677
2873 2356
1704 3291
2142 2832
565 8
421 1546
3073 635
1179 2342
3153 4704
4613 420
1020 2052
2588 3857
4320 1917
4228 2645
3784 4380
350 2084
1243 3967
1618 1519
3363 1859
3834 1057
4177 4808
1978 662
2555 2018
3955 3675
955 2633
2115 459
4672 4413
2645 1810
3802 1002
4091 3676
4171 968
4207 972
161 4453
3523 4370
3767 4032
1507 2914
4895 1587
1498 2427
514 2757
1768 1119
2180 1514
520 2314
3197 816
3322 4308
4428 2594
4242 2081
2382 4405
1644 2564
1633 2143
1452 1402
2119 2673
2841 1236
3131 3213
4090 1721
1235 4838
2286 4663
2683 4970
2381 4434
4434 2610
2350 1433
1228 3928
324 1986
4775 309
3220 2072
328 903
2676 960
1129 2261
3131 3894
1886 2947
1017 3483
473 3529
19 2652
1767 953
553 848
1124 2541
4483 709
4317 3021
3363 2366
1596 4287
1959 1122
707 107
931 2924
3843 3419
1355 1099
4687 3520
2189 2190
679 3761
3863 4832
3894 4653
3561 3469
1248 1668
3145 3834
3603 4808
875 4055
4164 88
3073 1939
343 947
2481 4684
3768 4267
2094 1314
2506 4869
225 1831
369 950
348 4460
673 474
3294 3016
2169 4180
2644 1193
1578 1311
2639 3450
35 4783
3757 1625
1914 4461
1946 4581
4174 4319
1702 4534
4060 2740
3804 2054
2760 1154
661 974
2024 1467
4124 4044
609 655
3 4248
2226 4207
2704 995
2059 115
1394 1796
2250 3791
4398 3234
2880 1572
3287 3082
3280 2459
4352 1349
2878 2097
650 3049
3301 4991
1828 4764
232 4492
4206 3627
115 1625
663 3576
2216 3736
1171 484
4718 3117
2738 2676
3443 292
2287 3503
523 1821
2260 2147
931 1577
3750 3827
4063 4622
340 3354
1363 2358
3603 4447
2754 99
401 1480
2353 1244
1665 327
3875 1137
4272 1872
155 4538
4881 3163
4007 2227
3301 4800
493 4144
1890 1332
4195 3443
4340 3496
2192 2413
3016 2211
2696 2426
1315 4794
3487 4139
197 420
4462 428
1637 4785
3993 875
4380 1471
823 1981
533 1773
2271 3904
2963 2117
4030 1445
983 2416
1270 3998
730 83
2743 1841
4366 3673
880 4687
3979 2037
2578 2347
845 2734
2412 1576
2150 294
4992 396
2537 4119
2202 3316
4993 4772
930 4184
529 1094
3534 1071
4796 1624
3050 2273
55 3690
4106 2754
3179 4995
2713 3590
4751 2744
1097 3229
66 4108
916 2270
4824 627
4145 2427
2221 4938
3937 3393
3162 4512
3878 1517
2062 2546
895 2878
3173 4631
4985 1573
984 2240
1261 4773
2020 589
1021 591
2628 4891
4770 1856
1278 3460
3918 4037
3715 3687
614 3098
2806 1875
953 1644
3894 3420
802 4985
4480 4
1274 2309
2606 282
1451 644
1516 3686
4004 691
585 1367
4923 2392
1302 701
3601 3013
3235 1027
1093 2612
4318 3155
3301 2416
4445 2251
237 2339
3894 4767
2611 282
942 2753
629 1513
3643 1124
4300 1301
94 4049
1434 4017
1988 4377
9 489
4403 1064
4734 3174
4090 1348
2257 4917
2326 130
4810 4054
4372 3299
3275 3696
3779 1834
2390 3901
617 2899
1510 2689
4802 3815
4582 4972
3434 887
533 3646
557 3244
1032 2252
3082 3174
4717 496
4758 4491
1610 3706
1619 3254
550 2523
1105 1202
1812 4949
4776 3731
1306 1487
1231 1844
4854 2403
3290 533
4461 1317
2406 3175
4717 836
25 2424
2226 1867
4192 504
360 3260
402 4110
104 3313
4705 346
3014 3781
1621 4179
3893 4807
2650 3953
2075 3668
1203 635
2411 1081
2559 2667
1264 841
4649 279
1904 1576
2338 3499
2955 4478
2059 4029
3283 3687
230 4872
4227 3974
2061 4647
842 3
1516 158
2799 589
4389 3959
2109 2028
3759 2453
4051 589
4566 4506
2386 4522
302 740
1136 1457
301 3968
4864 4885
2461 4193
23 944
2372 4298
3421 1097
3937 1882
3636 4416
450 4707
2699 1142
3417 34
719 4358
2987 1765
1592 131
28 3426
1534 100
2353 2923
1025 3252
3389 2369
860 1828
744 240
4090 1268
4419 455
2356 3097
556 3131
2955 2393
459 4988
3697 147
4651 1778
3232 3785
554 947
3184 3909
1913 2801
1363 3135
1540 2228
4565 2528
2369 4824
3942 2468
1117 939
4922 3106
2935 939
4276 2329
4235 3876
1739 226
3817 4364
174 4115
3696 1124
1986 3705
3136 2375
4630 1144
1665 2868
340 896
1788 421
3878 4195
4123 4300
4756 4290
1229 2243
2576 3218
1501 3514
4117 177
1266 1183
983 4613
1408 1824
491 1344
2416 3811
71 3652
972 2082
2003 2230
4031 2753
3830 4271
3959 1528
1329 3523
2936 834
796 531
3906 135
4090 4236
2849 597
1464 1181
4740 4161
64 4652
2092 4194
1474 2490
1664 1055
4627 4035
3619 2913
4755 2975
895 30
1361 2282
2622 3645
1644 3275
1079 1743
216 3420
2864 3729
4782 3241
2332 867
4928 23
665 1112
2594 1821
3997 1648
2985 2883
2684 1900
4569 3180
3373 3691
4805 3278
2434 3067
3663 2077
493 2898
4462 4467
3231 1196
2447 3346
4147 1406
4451 105
837 3139
1338 1392
4965 1743
4001 4728
2249 2110
1147 4492
438 2773
2592 147
3933 1497
4510 2323
422 261
2881 3803
1784 2632
1759 2419
1517 4182
2416 4713
4106 3363
3119 2284
3680 3982
658 499
3688 1166
2556 912
3677 3178
2181 801
1045 256
3939 4200
615 110
1589 537
1011 1231
2490 3973
2915 1568
109 1302
2564 4843
1570 4585
2421 3398
2636 2798
418 2125
3275 2535
3928 4180
302 4559
2087 478
2638 1797
4545 3210
50 3797
648 4964
4309 381
645 417
2592 915
3622 2646
2757 1772
4673 82
789 3892
216 1162
3409 1250
4195 417
689 4634
1456 747
3967 4469
2630 3997
139 3345
274 3906
1059 2144
4358 1971
2859 2358
4549 2003
4889 3506
4509 3040
1418 4192
3805 3758
4557 71
994 2985
1003 2656
4338 4501
3152 1723
3628 419
1408 3959
3661 3219
4081 4900
253 3928
3937 2993
3727 3918
618 4081
4970 2632
777 2102
2996 3534
71 1716
491 4829
2211 4006
588 4382
748 2384
1140 1684
3568 2492
4692 2739
3831 4850
1830 2980
2601 255
4343 538
467 2339
64 3804
1708 4001
3888 3758
359 708
637 316
4941 3095
305 2616
3972 2962
3398 3393
2564 474
4477 4838
2977 2328
4349 240
439 4028
3221 3750
1416 4070
1887 953
3104 2127
2820 684
517 92
844 4330
4732 4558
700 688
2910 525
2836 4369
4209 4175
1593 1837
1622 3919
3126 1811
4967 2050
1670 3426
4928 3221
214 3461
4767 1234
3019 3943
3790 2089
398 4771
1700 2236
2407 2239
2034 709
828 1288
4804 3280
1458 4340
4110 2273
1722 1621
3944 2298
380 1096
2100 4115
1311 4139
3045 1383
457 1846
290 2864
4682 3696
4013 23
4781 953
4935 3799
3761 3887
4412 3152
78 317
2160 3644
997 2319
4938 4719
3349 1815
408 1664
2289 2078
1453 1221
2944 3544
2706 4146
3567 505
4486 4891
4513 531
1452 4201
4474 4296
4987 420
2365 329
1309 934
1492 789
1308 3103
2018 1486
490 1935
327 2595
3605 1514
568 2736
515 508
3678 241
1591 1280
2781 2996
4699 883
4160 3861
1366 3314
2843 234
2337 2123
2272 3189
4840 4259
2631 89
2475 1335
2660 4260
2746 1902
1357 1503
3680 4216
4326 2044
1121 1776
463 1073
3893 3236
3937 4334
1958 1986
3949 2895
1772 981
313 607
1747 3896
1877 4980
2503 2462
1925 2349
4205 3951
4373 239
3382 3184
2785 1245
2728 2337
4234 1191
3157 2463
4222 2155
91 1395
1758 4020
2542 348
4352 3393
2941 63
1760 4982
965 2464
4785 1393
409 4097
4199 2805
3034 1601
4850 2669
3426 1895
2504 1394
2346 525
3378 1360
406 3302
3099 2592
1220 1748
1193 173
3922 2259
4849 2127
377 1823
831 538
3888 4048
528 1056
360 71
2875 4598
3016 1591
2726 158
2048 1786
868 3395
4412 3832
1590 3143
3504 2947
38 2393
4543 1544
2776 259
4871 4437
736 676
935 2029
3003 615
2468 1104
301 4609
1449 2059
1068 4091
2499 279
4439 3445
1882 4834
1010 2281
3073 445
2773 226
1225 1569
2203 4918
4163 2449
2943 1534
345 3913
1818 709
2688 4783
918 1707
608 2546
2174 632
930 2678
3661 3430
3349 4265
3418 2840
1467 4791
1463 3272
4338 2041
2258 505
4035 1432
368 2824
3341 3682
557 4563
2825 2676
3217 3716
2068 3100
2211 1338
3017 4941
616 242
3602 801
1885 2911
3736 3839
4706 2161
4432 3728
358 4115
2243 4993
1006 1409
273 3759
1487 1938
5 4433
2060 542
2794 4536
1037 2322
4554 597
169 3239
2466 1637
811 2291
1628 63
1815 1663
3742 4221
4289 3820
1590 2196
3806 206
3228 3815
3333 1488
2583 2371
3359 4588
1898 3175
173 999
2577 545
566 2962
4033 900
2620 1442
3412 1816
4784 59
3240 1073
2799 2778
634 1393
862 2200
2537 584
3823 2298
2978 4147
3184 253
3638 2072
4426 3132
2713 3204
3624 2414
2761 3576
3421 359
3385 4745
3650 1754
1250 3645
3032 2076
2949 4880
2817 2372
901 4724
1522 4269
651 500
2421 1062
3090 2425
2564 4652
911 4567
456 3001
921 3421
3204 630
2826 2459
258 3354
1124 744
1016 806
1092 1858
2395 4257
4026 228
1289 2384
4580 2811
1025 1972
615 4459
1636 4187
3365 4899
2463 3168
1406 4119
4988 2792
1976 4388
922 1321
1254 222
618 3499
2516 2094
169 4258
3459 1517
1972 2120
3703 1028
365 2034
3778 1100
675 434
4743 1240
987 495
2015 4675
909 2582
4898 1197
3171 2886
4577 2668
4369 2612
2002 4650
711 2294
2805 4043
33 1870
868 3077
997 1167
1655 1188
3080 2153
1190 2969
252 2702
4761 3678
2074 4690
4328 3635
4390 1956
2519 2274
3989 2170
4937 1892
167 1742
3367 1147
4850 3027
3478 4916
3249 760
2728 4856
4598 1758
4693 4696
2626 2779
4512 1776
2919 890
215 2281
2968 3830
4272 122
2914 133
1655 1877
4698 532
3014 2180
1441 4107
1216 340
3156 3924
4877 2283
3811 3545
2883 1965
1184 199
1331 1298
2383 2011
1868 2166
3294 3030
3768 3222
3342 2517
1348 1968
3741 4851
1046 2494
1308 2969
295 894
1360 3569
2559 4441
153 3418
3704 205
2019 3826
3509 967
2374 1841
1820 2183
3804 4000
807 43
12 478
2577 397
550 2829
1517 1912
2619 2363
2555 1748
4146 4784
2142 80
786 1077
4179 2945
4787 4084
3157 4929
3667 82
2333 2660
4405 1218
4748 2864
3500 1966
3623 4398
4499 4341
1512 4969
736 4603
2814 2627
2458 4566
1306 515
4915 3978
1835 1026
3229 4849
3844 4588
513 1816
4547 1614
56 2993
599 2428
2586 3965
1265 2809
1485 4204
4845 3946
3602 2248
2256 4961
985 3147
1774 3144
3046 2913
1174 3444
726 2713
3697 2704
1414 1495
594 1878
1814 3114
2685 1142
4483 2284
150 2853
2580 22
3556 3934
577 587
2649 270
2095 4998
3052 1124
2575 4985
3809 1903
3470 1827
764 4497
1982 2876
4467 1378
3287 2922
1402 2936
991 1112
4045 2279
1322 3846
4000 3377
1838 365
4544 2605
1308 1657
4429 2759
1015 2451
450 1942
1748 3337
572 406
4940 3533
1470 378
645 4602
1366 1413
155 1578
1878 4751
4315 1220
4725 4216
101 2646
25 3508
1002 3404
674 3564
4833 436
1610 730
3388 3780
2701 4012
3040 1176
3733 2598
391 1513
3233 4040
2484 2014
1877 4219
3968 1587
379 4991
2287 419
2048 692
2781 2658
1737 3328
3737 4711
4205 3548
367 3471
465 371
2105 4332
2741 4250
294 4984
1834 2262
1714 1406
515 3782
1335 292
869 3049
4537 85
1483 4931
2316 686
3290 584
1549 1756
753 670
2130 528
1046 3899
3547 556
2524 4517
560 2329
375 4095
1659 2052
2304 3300
3688 1199
4017 4411
4871 341
1209 1970
1245 1857
4635 3646
404 2262
3751 195
3063 423
850 2427
4734 3563
672 4076
189 2885
4910 2944
4832 2191
4291 1873
674 1286
4123 3631
4634 114
1526 2743
765 4027
2890 2591
3617 1130
824 2662
994 3938
4583 2017
1770 1975
2151 901
1751 4677
1299 1546
791 1656
2082 1899
514 1680
1058 699
2972 2897
2049 3517
4640 4441
3991 4685
3228 3366
3190 3458
1108 974
596 1232
4798 1231
2660 1858
2972 3019
3124 2187
3762 152
2340 2467
4364 3328
2439 2904
1181 2239
2396 2235
951 1968
518 2933
4857 3462
3617 3151
4069 145
2302 2992
197 667
4609 1701
3090 2784
1421 2808
4624 1798
3498 3935
671 748
506 3739
3298 4497
3926 4654
2253 4099
3387 3671
2707 2799
1166 1907
4654 3433
879 3058
4503 1194
3042 2066
3354 2547
735 4086
3794 2646
4552 1003
3843 183
3463 1225
1330 520
3776 4787
2818 4231
680 3111
672 4658
144 3808
2471 1578
4186 4931
2334 1299
1126 1280
1400 932
2649 1539
4809 2186
1978 2100
2314 1949
1199 3707
3970 2765
4306 4525
3519 3754
2019 2044
3830 2149
3736 2541
357 3464
4397 1212
3495 1900
3695 2996
1665 410
3346 1459
790 3976
4295 2530
4109 3905
971 395
4173 1390
1884 883
3708 4451
2908 4598
1447 763
4542 4427
219 1512
3565 2522
1612 2172
2856 1307
1133 209
3386 2538
1515 3573
2394 844
1672 3649
1634 410
4649 2235
4410 2234
243 554
3181 1868
804 4362
4376 3726
1570 1595
2792 4422
2501 352
803 4426
3959 1516
1217 3704
1266 4488
3832 4869
1138 2413
3695 4677
1015 1275
1645 1630
3423 21
4807 3788
2827 1343
672 2087
4675 599
4314 1054
433 4732
2385 3717
929 762
301 3609
1442 4819
4390 1453
357 4480
4407 4570
4429 678
4938 1518
2314 198
3857 4709
941 3562
2068 4675
1332 3368
88 2396
4667 1554
4927 4327
4232 4932
4017 1931
354 54
273 1792
4964 2844
1913 3170
4875 2212
4381 4301
2878 9
2391 472
2248 2664
2443 2083
3835 461
3070 395
143 2102
4671 3906
1601 760
1026 2650
1494 2844
2029 878
4887 1283
76 3971
2493 3713
479 4702
219 3992
4750 4648
2520 1526
3379 4840
4685 1835
3824 662
4718 875
4617 2020
2740 4660
2246 788
2850 3273
2096 4575
623 2398
2617 4260
4305 3590
4127 2081
1543 562
1649 2539
3506 1430
4825 4
551 3350
28 3905
2379 432
184 3427
1043 2947
4803 184
2217 4892
843 3230
2710 1985
2079 1358
4975 2896
320 920
4739 3895
3970 4429
1430 3937
637 3954
1256 3083
4408 2744
3212 2074
4728 2039
1264 884
1226 363
446 1938
4492 3894
4136 2567
1414 2875
4683 3483
4497 88
3494 2342
1819 4275
2770 676
2368 3037
26 3759
2880 252
990 385
4388 1584
3216 3816
3114 1183
2916 412
3574 2025
4423 336
773 3910
861 4086
1362 3276
620 4185
101 2559
3631 2973
4624 3355
441 505
2091 4496
1904 2459
1698 364
3304 2051
3878 3808
1008 859
851 3030
3118 2627
1060 4307
863 3555
1619 1520
3372 470
2638 2873
779 4495
4750 874
4583 2429
965 2764
3492 1535
3342 2347
2510 337
4960 1879
2887 1016
2073 806
1652 3310
1922 2383
1376 4459
1644 1992
1516 3813
1406 1620
3475 4800
2790 706
248 4144
2120 576
489 4302
1905 248
728 1445
4604 4954
4530 4538
1954 3209
3797 4611
1628 3504
1499 1742
2698 4964
222 3857
4060 4054
3828 4050
4162 2041
1134 2123
4646 1104
281 161
746 1766
4532 3670
1887 1396
1879 3615
1490 1141
36 2144
4878 4858
1930 2294
4345 403
1610 1864
4431 3648
1241 17
1181 56
2853 4789
1525 1452
491 709
2701 2422
2643 639
3382 895
664 907
1414 2152
4080 4953
4552 4557
287 199
3246 2884
140 859
4665 76
2611 2531
2771 1491
1673 2813
2263 159
648 2976
2562 3057
3442 3465
4368 2419
4589 1767
3138 3964
1826 4198
4141 2248
3975 1623
2978 697
1386 3186
3971 476
2687 45
2893 1357
546 1988