0 75
1 43
2 124
3 67
4 82
5 131
6 89
7 54
8 108
9 116
10 148
11 49
12 99
13 136
14 72
15 101
16 143
17 44
18 78
19 139
20 91
21 134
22 105
23 57
24 87
25 133
26 41
27 60
28 92
29 109
30 140
31 65
32 79
33 118
34 95
35 97
36 85
37 122
38 98
39 55
40 112
41 120
42 76
43 119
44 113
45 77
46 125
47 93
48 102
49 128
50 81
51 66
52 123
53 138
54 141
55 144
56 84
57 110
58 106
59 96
60 130
61 111
62 71
63 114
64 88
65 100
66 121
67 90
68 132
69 74
70 147
71 117
72 83
73 135
74 126
75 107
76 146
77 104
78 137
79 94
80 103
81 142
82 129
83 145
84 92
85 149
86 127
87 101
88 91
89 115
90 133
91 124
92 131
93 108
94 121
95 113
96 112
97 102
98 111
99 107
100 109
101 106
102 105
103 104
104 118
105 119
106 120
107 122
108 123
109 124
110 125
111 126
112 127
113 128
114 129
115 130
116 131
117 132
118 133
119 134
120 135
121 136
122 137
123 138
124 139
125 140
126 141
127 142
128 143
129 144
130 145
131 146
132 147
133 148
134 149